epoch	 loss	 RMSE_Etot	 RMSE_Ei	 RMSE_F	 real_lr	 epoch_time	 wall_time
1 1.314570e+01 1.301007e+01 0.000000e+00 1.356306e-01 5.987773e-04 273.63961148262024 273.6583466529846
2 4.683858e+00 4.604516e+00 0.000000e+00 7.934145e-02 5.987773e-04 202.63449358940125 476.33335638046265
3 1.784973e+00 1.714898e+00 0.000000e+00 7.007472e-02 5.688423e-04 206.53472208976746 682.9079742431641
4 1.185074e+00 1.119152e+00 0.000000e+00 6.592186e-02 5.688423e-04 230.2346134185791 913.1758000850677
5 4.467141e+00 4.395575e+00 0.000000e+00 7.156609e-02 5.688423e-04 197.05417370796204 1110.2842116355896
6 5.815906e+00 5.747990e+00 0.000000e+00 6.791626e-02 5.404038e-04 222.0593616962433 1332.378926038742
7 2.765315e+00 2.697337e+00 0.000000e+00 6.797724e-02 5.404038e-04 218.87042903900146 1551.2807195186615
8 2.019470e+00 1.954484e+00 0.000000e+00 6.498674e-02 5.404038e-04 202.93831086158752 1754.2530870437622
9 2.067697e+00 2.003597e+00 0.000000e+00 6.409982e-02 5.133871e-04 210.47495818138123 1964.7608997821808
10 1.444295e+00 1.384551e+00 0.000000e+00 5.974367e-02 5.133871e-04 213.4567747116089 2178.2465772628784
11 1.882800e+00 1.817880e+00 0.000000e+00 6.492052e-02 4.877210e-04 206.78282809257507 2385.0633108615875
12 3.317551e+00 3.251473e+00 0.000000e+00 6.607769e-02 4.877210e-04 216.88458156585693 2601.9832599163055
13 1.141398e+00 1.080607e+00 0.000000e+00 6.079079e-02 4.877210e-04 211.91485834121704 2813.9335849285126
14 2.362891e+00 2.299010e+00 0.000000e+00 6.388081e-02 4.633381e-04 213.2173376083374 3027.191013813019
15 2.012884e+00 1.952579e+00 0.000000e+00 6.030454e-02 4.633381e-04 212.1615447998047 3239.3981173038483
16 1.802136e+00 1.745690e+00 0.000000e+00 5.644608e-02 4.633381e-04 208.2307834625244 3447.660762310028
17 2.801251e+00 2.742180e+00 0.000000e+00 5.907083e-02 4.401742e-04 209.10849833488464 3656.800791978836
18 1.372507e+00 1.317917e+00 0.000000e+00 5.459027e-02 4.401742e-04 215.83062314987183 3872.66375207901
19 1.810635e+00 1.752583e+00 0.000000e+00 5.805197e-02 4.401742e-04 207.7004532814026 4080.3961522579193
20 1.607016e+00 1.550289e+00 0.000000e+00 5.672684e-02 4.181683e-04 208.13391613960266 4288.556842327118
21 1.606084e+00 1.550183e+00 0.000000e+00 5.590089e-02 4.181683e-04 210.81061959266663 4499.410492658615
22 2.122647e+00 2.067942e+00 0.000000e+00 5.470504e-02 3.972626e-04 216.96888613700867 4716.41317987442
23 1.278910e+00 1.225858e+00 0.000000e+00 5.305178e-02 3.972626e-04 212.96336245536804 4929.410404920578
24 1.727472e+00 1.674391e+00 0.000000e+00 5.308038e-02 3.972626e-04 212.9982352256775 5142.441204786301
25 1.029606e+00 9.779514e-01 0.000000e+00 5.165451e-02 3.774020e-04 208.99872422218323 5351.472406387329
26 1.638331e+00 1.585421e+00 0.000000e+00 5.290959e-02 3.774020e-04 214.72177577018738 5566.23344874382
27 1.064938e+00 1.013084e+00 0.000000e+00 5.185335e-02 3.774020e-04 211.72387647628784 5777.992657423019
28 1.869320e+00 1.813935e+00 0.000000e+00 5.538487e-02 3.585343e-04 210.51051712036133 5988.540542840958
29 2.451410e+00 2.397246e+00 0.000000e+00 5.416450e-02 3.585343e-04 210.3396282196045 6198.912342071533
30 1.132635e+00 1.082264e+00 0.000000e+00 5.037172e-02 3.585343e-04 212.54459691047668 6411.489464521408
31 1.881290e+00 1.828469e+00 0.000000e+00 5.282183e-02 3.406099e-04 212.938982963562 6624.461142063141
32 1.031451e+00 9.793914e-01 0.000000e+00 5.205987e-02 3.406099e-04 210.7276210784912 6835.223594427109
33 1.035263e+00 9.855257e-01 0.000000e+00 4.973697e-02 3.406099e-04 211.1451337337494 7046.402554273605
34 9.313735e-01 8.792499e-01 0.000000e+00 5.212363e-02 3.235816e-04 215.73597741127014 7262.17170715332
35 1.248186e+00 1.199276e+00 0.000000e+00 4.890985e-02 3.235816e-04 210.8804578781128 7473.0908370018005
36 1.123657e+00 1.072233e+00 0.000000e+00 5.142369e-02 3.074046e-04 208.50256395339966 7681.628914356232
37 9.914859e-01 9.431341e-01 0.000000e+00 4.835182e-02 3.074046e-04 207.29155898094177 7888.956360340118
38 1.077614e+00 1.028432e+00 0.000000e+00 4.918257e-02 3.074046e-04 214.2634139060974 8103.251626491547
39 1.519889e+00 1.471103e+00 0.000000e+00 4.878501e-02 2.920363e-04 212.14578199386597 8315.431932210922
40 1.081893e+00 1.034035e+00 0.000000e+00 4.785846e-02 2.920363e-04 210.3915913105011 8525.8721306324
41 1.365885e+00 1.318334e+00 0.000000e+00 4.755148e-02 2.920363e-04 212.45566177368164 8738.359622478485
42 1.896828e+00 1.848759e+00 0.000000e+00 4.806962e-02 2.774364e-04 217.35992002487183 8955.750879526138
43 5.513386e-01 5.045816e-01 0.000000e+00 4.675697e-02 2.774364e-04 212.60324954986572 9168.386887311935
44 9.753266e-01 9.279456e-01 0.000000e+00 4.738097e-02 2.774364e-04 210.08498907089233 9378.512362003326
45 1.096654e+00 1.050280e+00 0.000000e+00 4.637386e-02 2.635663e-04 210.28407621383667 9588.828829526901
46 7.440831e-01 6.981809e-01 0.000000e+00 4.590214e-02 2.635663e-04 214.62148809432983 9803.483833789825
47 1.639287e+00 1.593410e+00 0.000000e+00 4.587731e-02 2.503897e-04 210.95579195022583 10014.466167211533
48 7.326583e-01 6.868673e-01 0.000000e+00 4.579106e-02 2.503897e-04 210.11203622817993 10224.613174438477
49 8.804409e-01 8.348550e-01 0.000000e+00 4.558587e-02 2.503897e-04 209.2449381351471 10433.893620491028
50 9.460736e-01 9.006789e-01 0.000000e+00 4.539474e-02 2.378718e-04 215.23550653457642 10649.163398265839
51 9.826724e-01 9.377851e-01 0.000000e+00 4.488734e-02 2.378718e-04 208.95274472236633 10858.149113893509
52 8.991663e-01 8.539762e-01 0.000000e+00 4.519018e-02 2.378718e-04 206.92065119743347 11065.096754550934
53 9.758856e-01 9.311237e-01 0.000000e+00 4.476194e-02 2.259798e-04 210.2510166168213 11275.38212943077
54 9.425358e-01 8.978820e-01 0.000000e+00 4.465379e-02 2.259798e-04 213.62374758720398 11489.04111623764
55 7.662162e-01 7.216227e-01 0.000000e+00 4.459356e-02 2.259798e-04 211.91908979415894 11700.993294000626
56 1.216036e+00 1.171512e+00 0.000000e+00 4.452460e-02 2.146822e-04 208.28443598747253 11909.309266090393
57 3.946029e-01 3.504041e-01 0.000000e+00 4.419886e-02 2.146822e-04 211.55744647979736 12120.903767108917
58 9.731362e-01 9.288132e-01 0.000000e+00 4.432308e-02 2.146822e-04 216.17710781097412 12337.116943359375
59 1.095929e+00 1.051803e+00 0.000000e+00 4.412558e-02 2.039495e-04 212.8711543083191 12550.022074222565
60 3.752694e-01 3.312243e-01 0.000000e+00 4.404511e-02 2.039495e-04 211.53297114372253 12761.593283891678
61 1.458167e+00 1.414168e+00 0.000000e+00 4.399947e-02 1.937533e-04 211.13969016075134 12972.775012016296
62 4.428922e-01 3.992617e-01 0.000000e+00 4.363043e-02 1.937533e-04 218.59337782859802 13191.399725675583
63 6.575587e-01 6.136265e-01 0.000000e+00 4.393220e-02 1.937533e-04 212.69200253486633 13404.124935865402
64 1.077766e+00 1.034168e+00 0.000000e+00 4.359814e-02 1.840669e-04 205.55720949172974 13609.714637756348
65 5.350464e-01 4.917638e-01 0.000000e+00 4.328255e-02 1.840669e-04 208.04129266738892 13817.781875371933
66 7.875171e-01 7.439394e-01 0.000000e+00 4.357771e-02 1.840669e-04 215.19397139549255 14033.011582612991
67 7.470906e-01 7.039192e-01 0.000000e+00 4.317136e-02 1.748647e-04 209.4823534488678 14242.527157783508
68 9.944741e-01 9.513540e-01 0.000000e+00 4.312015e-02 1.748647e-04 207.8124656677246 14450.365976810455
69 4.190675e-01 3.760852e-01 0.000000e+00 4.298225e-02 1.748647e-04 207.10796737670898 14657.506996154785
70 1.296840e+00 1.253794e+00 0.000000e+00 4.304559e-02 1.661226e-04 215.8755180835724 14873.415942430496
71 3.251044e-01 2.822887e-01 0.000000e+00 4.281575e-02 1.661226e-04 209.47846603393555 15082.926005363464
72 1.211482e+00 1.168670e+00 0.000000e+00 4.281174e-02 1.578175e-04 207.99900245666504 15290.965981721878
73 3.082378e-01 2.655135e-01 0.000000e+00 4.272429e-02 1.578175e-04 206.8128559589386 15497.81228852272
74 1.091586e+00 1.048919e+00 0.000000e+00 4.266634e-02 1.578175e-04 214.9092926979065 15712.761914491653
75 3.323157e-01 2.897308e-01 0.000000e+00 4.258487e-02 1.499277e-04 210.83983302116394 15923.635817289352
76 1.037320e+00 9.947366e-01 0.000000e+00 4.258377e-02 1.499277e-04 209.53316569328308 16133.203187704086
77 3.220327e-01 2.795581e-01 0.000000e+00 4.247463e-02 1.499277e-04 211.2834017276764 16344.518734931946
78 8.489996e-01 8.063592e-01 0.000000e+00 4.264044e-02 1.424323e-04 217.68765544891357 16562.24320292473
79 2.952535e-01 2.528748e-01 0.000000e+00 4.237868e-02 1.424323e-04 217.01461124420166 16779.292138814926
80 1.099501e+00 1.057082e+00 0.000000e+00 4.241885e-02 1.424323e-04 210.97007250785828 16990.303830623627
81 2.858229e-01 2.435130e-01 0.000000e+00 4.230989e-02 1.353116e-04 212.06151628494263 17202.398315668106
82 9.659620e-01 9.236397e-01 0.000000e+00 4.232223e-02 1.353116e-04 215.9186635017395 17418.3586165905
83 2.920597e-01 2.498270e-01 0.000000e+00 4.223271e-02 1.353116e-04 223.0697259902954 17641.461702108383
84 9.198412e-01 8.775425e-01 0.000000e+00 4.229871e-02 1.285468e-04 209.40635323524475 17850.90166401863
85 2.536159e-01 2.114582e-01 0.000000e+00 4.215773e-02 1.285468e-04 211.4447422027588 18062.39140200615
86 9.590889e-01 9.169125e-01 0.000000e+00 4.217641e-02 1.221203e-04 217.05624413490295 18279.489622831345
87 2.640329e-01 2.219440e-01 0.000000e+00 4.208889e-02 1.221203e-04 211.96819877624512 18491.4904088974
88 8.167931e-01 7.746221e-01 0.000000e+00 4.217095e-02 1.221203e-04 212.27569246292114 18703.799946308136
89 2.355656e-01 1.935373e-01 0.000000e+00 4.202830e-02 1.160151e-04 209.2693736553192 18913.101241588593
90 8.019505e-01 7.598677e-01 0.000000e+00 4.208279e-02 1.160151e-04 214.45075392723083 19127.593507051468
91 2.475957e-01 2.056137e-01 0.000000e+00 4.198196e-02 1.160151e-04 213.4367537498474 19341.06186938286
92 8.370810e-01 7.948859e-01 0.000000e+00 4.219505e-02 1.102151e-04 209.28123879432678 19550.376190185547
93 2.379250e-01 1.959824e-01 0.000000e+00 4.194265e-02 1.102151e-04 206.94240140914917 19757.352093219757
94 8.319655e-01 7.899745e-01 0.000000e+00 4.199093e-02 1.102151e-04 213.83340406417847 19971.217621326447
95 2.038683e-01 1.619839e-01 0.000000e+00 4.188441e-02 1.047050e-04 210.84218049049377 20182.092221021652
96 7.689850e-01 7.270305e-01 0.000000e+00 4.195444e-02 1.047050e-04 207.31893682479858 20389.453016757965
97 2.241203e-01 1.822800e-01 0.000000e+00 4.184021e-02 9.947045e-05 208.54614210128784 20598.031996250153
98 7.594358e-01 7.175002e-01 0.000000e+00 4.193560e-02 9.947045e-05 214.42695379257202 20812.492052316666
99 2.057662e-01 1.639686e-01 0.000000e+00 4.179761e-02 9.947045e-05 211.66608023643494 21024.192101716995
100 7.577838e-01 7.159357e-01 0.000000e+00 4.184817e-02 9.449757e-05 206.84713506698608 21231.071180343628
101 2.100231e-01 1.682654e-01 0.000000e+00 4.175766e-02 9.449757e-05 209.5681881904602 21440.6735560894
102 7.502949e-01 7.084770e-01 0.000000e+00 4.181784e-02 9.449757e-05 215.1897280216217 21655.89736533165
103 2.045595e-01 1.628404e-01 0.000000e+00 4.171902e-02 8.977330e-05 213.64060807228088 21869.57202219963
104 6.321898e-01 5.904146e-01 0.000000e+00 4.177522e-02 8.977330e-05 205.92593502998352 22075.52611875534
105 2.163991e-01 1.747124e-01 0.000000e+00 4.168677e-02 8.977330e-05 208.53254103660583 22284.09299683571
106 7.325795e-01 6.907921e-01 0.000000e+00 4.178743e-02 8.528521e-05 214.13851380348206 22498.26482605934
107 1.820756e-01 1.404342e-01 0.000000e+00 4.164146e-02 8.528521e-05 211.40051198005676 22709.699623584747
108 6.384475e-01 5.967493e-01 0.000000e+00 4.169821e-02 8.102149e-05 211.9315345287323 22921.670261621475
109 1.904265e-01 1.488130e-01 0.000000e+00 4.161348e-02 8.102149e-05 214.98855638504028 23136.68500351906
110 6.536967e-01 6.120707e-01 0.000000e+00 4.162606e-02 8.102149e-05 209.8344759941101 23346.55033969879
111 1.991500e-01 1.575750e-01 0.000000e+00 4.157495e-02 7.697094e-05 209.7635703086853 23556.349294900894
112 5.858745e-01 5.442813e-01 0.000000e+00 4.159318e-02 7.697094e-05 214.74934792518616 23771.1330370903
113 1.909407e-01 1.493992e-01 0.000000e+00 4.154151e-02 7.697094e-05 209.2801012992859 23980.443957328796
114 6.480585e-01 6.064898e-01 0.000000e+00 4.156874e-02 7.312288e-05 208.7630398273468 24189.242068052292
115 1.733402e-01 1.318260e-01 0.000000e+00 4.151424e-02 7.312288e-05 208.85616445541382 24398.132204532623
116 5.897933e-01 5.482567e-01 0.000000e+00 4.153664e-02 7.312288e-05 216.37845373153687 24614.555143356323
117 1.747710e-01 1.332831e-01 0.000000e+00 4.148791e-02 6.946721e-05 211.3420991897583 24825.9306974411
118 5.796321e-01 5.381226e-01 0.000000e+00 4.150953e-02 6.946721e-05 210.71677136421204 25036.67971920967
119 1.702861e-01 1.288223e-01 0.000000e+00 4.146388e-02 6.946721e-05 210.54153299331665 25247.252712726593
120 5.961076e-01 5.546254e-01 0.000000e+00 4.148229e-02 6.599429e-05 216.82535696029663 25464.119699716568
121 1.606946e-01 1.192677e-01 0.000000e+00 4.142690e-02 6.599429e-05 212.64467668533325 25676.798203468323
122 5.520889e-01 5.106416e-01 0.000000e+00 4.144729e-02 6.269500e-05 209.04292917251587 25885.88028383255
123 1.604205e-01 1.190102e-01 0.000000e+00 4.141022e-02 6.269500e-05 210.14756155014038 26096.061851024628
124 5.800070e-01 5.385822e-01 0.000000e+00 4.142486e-02 6.269500e-05 213.95144605636597 26310.055307865143
125 1.550594e-01 1.136772e-01 0.000000e+00 4.138216e-02 5.956065e-05 211.68381190299988 26521.77132153511
126 4.938726e-01 4.524983e-01 0.000000e+00 4.137438e-02 5.956065e-05 211.73958158493042 26733.552763700485
127 1.707687e-01 1.294053e-01 0.000000e+00 4.136341e-02 5.956065e-05 211.0961365699768 26944.68169426918
128 5.311732e-01 4.898013e-01 0.000000e+00 4.137187e-02 5.658300e-05 215.23747158050537 27159.952551603317
129 1.500849e-01 1.087481e-01 0.000000e+00 4.133687e-02 5.658300e-05 210.6148705482483 27370.600440263748
130 5.011871e-01 4.598463e-01 0.000000e+00 4.134079e-02 5.658300e-05 211.43248677253723 27582.07111930847
131 1.545383e-01 1.132185e-01 0.000000e+00 4.131983e-02 5.375422e-05 210.66084599494934 27792.76467347145
132 4.410773e-01 3.997560e-01 0.000000e+00 4.132124e-02 5.375422e-05 212.72297930717468 28005.52082824707
133 1.574874e-01 1.161788e-01 0.000000e+00 4.130856e-02 5.106685e-05 225.58686089515686 28231.13943219185
134 4.864639e-01 4.451587e-01 0.000000e+00 4.130517e-02 5.106685e-05 211.26541304588318 28442.437117099762
135 1.433735e-01 1.020847e-01 0.000000e+00 4.128880e-02 5.106685e-05 208.09016132354736 28650.559818029404
136 4.770124e-01 4.357300e-01 0.000000e+00 4.128235e-02 4.851383e-05 214.72049164772034 28865.32121038437
137 1.437887e-01 1.025238e-01 0.000000e+00 4.126484e-02 4.851383e-05 211.54837441444397 29076.90242290497
138 4.277452e-01 3.864801e-01 0.000000e+00 4.126517e-02 4.851383e-05 209.056382894516 29285.99445915222
139 1.482424e-01 1.069936e-01 0.000000e+00 4.124882e-02 4.608845e-05 211.94386625289917 29497.96488428116
140 4.154359e-01 3.741960e-01 0.000000e+00 4.123988e-02 4.608845e-05 215.45501136779785 29713.453677415848
141 1.468067e-01 1.055679e-01 0.000000e+00 4.123886e-02 4.608845e-05 211.68326115608215 29925.17057108879
142 4.258900e-01 3.846647e-01 0.000000e+00 4.122534e-02 4.378433e-05 210.9424226284027 30136.145089626312
143 1.444123e-01 1.031915e-01 0.000000e+00 4.122078e-02 4.378433e-05 212.3637924194336 30348.540138959885
144 3.991895e-01 3.579785e-01 0.000000e+00 4.121101e-02 4.378433e-05 218.747798204422 30567.321585416794
145 1.398309e-01 9.861901e-02 0.000000e+00 4.121190e-02 4.159539e-05 212.31489872932434 30779.675459623337
146 3.866752e-01 3.454766e-01 0.000000e+00 4.119866e-02 4.159539e-05 209.18385696411133 30988.90172600746
147 1.383867e-01 9.719453e-02 0.000000e+00 4.119221e-02 3.951589e-05 211.69270181655884 31200.62826681137
148 3.722117e-01 3.310292e-01 0.000000e+00 4.118254e-02 3.951589e-05 216.58400774002075 31417.254496335983
149 1.391751e-01 9.799647e-02 0.000000e+00 4.117865e-02 3.951589e-05 212.43051481246948 31629.718213796616
150 3.538945e-01 3.127291e-01 0.000000e+00 4.116537e-02 3.754035e-05 210.3744421005249 31840.128605365753
151 1.429542e-01 1.017911e-01 0.000000e+00 4.116309e-02 3.754035e-05 209.1532325744629 32049.313938617706
152 3.371909e-01 2.960360e-01 0.000000e+00 4.115482e-02 3.754035e-05 215.99253726005554 32265.33880996704
153 1.365490e-01 9.539581e-02 0.000000e+00 4.115317e-02 3.566357e-05 211.32503747940063 32476.695801973343
154 3.238544e-01 2.827109e-01 0.000000e+00 4.114347e-02 3.566357e-05 209.3337893486023 32686.07014298439
155 1.435422e-01 1.024033e-01 0.000000e+00 4.113891e-02 3.566357e-05 211.7053098678589 32897.810277700424
156 3.191243e-01 2.779916e-01 0.000000e+00 4.113271e-02 3.388062e-05 216.3154058456421 33114.163011074066
157 1.342681e-01 9.313688e-02 0.000000e+00 4.113126e-02 3.388062e-05 212.9051902294159 33327.10078048706
158 3.049280e-01 2.638079e-01 0.000000e+00 4.112013e-02 3.218681e-05 209.58861088752747 33536.731006622314
159 1.365823e-01 9.546175e-02 0.000000e+00 4.112056e-02 3.218681e-05 210.3435139656067 33747.10993862152
160 2.990403e-01 2.579343e-01 0.000000e+00 4.110606e-02 3.218681e-05 214.5793571472168 33961.72463154793
161 1.336493e-01 9.253948e-02 0.000000e+00 4.110982e-02 3.057767e-05 217.3231520652771 34179.083552360535
162 2.824519e-01 2.413567e-01 0.000000e+00 4.109529e-02 3.057767e-05 210.24647784233093 34389.37162017822
163 1.341144e-01 9.301475e-02 0.000000e+00 4.109963e-02 3.057767e-05 209.3313660621643 34598.73490190506
164 2.896553e-01 2.485655e-01 0.000000e+00 4.108979e-02 2.904898e-05 214.52298259735107 34813.29378581047
165 1.294223e-01 8.832978e-02 0.000000e+00 4.109254e-02 2.904898e-05 212.68244004249573 35026.009504795074
166 2.473148e-01 2.062382e-01 0.000000e+00 4.107656e-02 2.904898e-05 210.9652943611145 35237.01443362236
167 1.373408e-01 9.626106e-02 0.000000e+00 4.107978e-02 2.759672e-05 209.3940532207489 35446.44266605377
168 2.339904e-01 1.929195e-01 0.000000e+00 4.107090e-02 2.759672e-05 215.95847845077515 35662.43485164642
169 1.375034e-01 9.643149e-02 0.000000e+00 4.107190e-02 2.759672e-05 211.92758512496948 35874.41052913666
170 2.513412e-01 2.102804e-01 0.000000e+00 4.106079e-02 2.621706e-05 208.96850180625916 36083.411173820496
171 1.308633e-01 8.979684e-02 0.000000e+00 4.106647e-02 2.621706e-05 208.0414342880249 36291.4891166687
172 2.412911e-01 2.002399e-01 0.000000e+00 4.105122e-02 2.490638e-05 216.00932359695435 36507.530179739
173 1.323024e-01 9.124797e-02 0.000000e+00 4.105444e-02 2.490638e-05 213.3747115135193 36720.93849825859
174 2.184424e-01 1.774003e-01 0.000000e+00 4.104218e-02 2.490638e-05 210.25640654563904 36931.22889518738
175 1.307469e-01 8.969930e-02 0.000000e+00 4.104762e-02 2.366122e-05 211.0397665500641 37142.30224275589
176 2.021837e-01 1.611452e-01 0.000000e+00 4.103851e-02 2.366122e-05 212.394189119339 37354.730988025665
177 1.328234e-01 9.178180e-02 0.000000e+00 4.104161e-02 2.366122e-05 208.86627101898193 37563.62555480003
178 2.184936e-01 1.774639e-01 0.000000e+00 4.102971e-02 2.247831e-05 210.4262752532959 37774.08589720726
179 1.261599e-01 8.512735e-02 0.000000e+00 4.103257e-02 2.247831e-05 212.9932746887207 37987.11218929291
180 1.984871e-01 1.574646e-01 0.000000e+00 4.102256e-02 2.247831e-05 214.90632271766663 38202.06257581711
181 1.267773e-01 8.575170e-02 0.000000e+00 4.102561e-02 2.135454e-05 211.1267123222351 38413.22011733055
182 1.831941e-01 1.421764e-01 0.000000e+00 4.101774e-02 2.135454e-05 211.16823720932007 38624.42219042778
183 1.335265e-01 9.251076e-02 0.000000e+00 4.101577e-02 2.028695e-05 217.8458230495453 38842.29665517807
184 1.984074e-01 1.573991e-01 0.000000e+00 4.100831e-02 2.028695e-05 220.93005657196045 39063.26051425934
185 1.215177e-01 8.050407e-02 0.000000e+00 4.101359e-02 2.028695e-05 209.61862564086914 39272.910833358765
186 1.718818e-01 1.308783e-01 0.000000e+00 4.100352e-02 1.927273e-05 207.90830063819885 39480.86230754852
187 1.319990e-01 9.099515e-02 0.000000e+00 4.100389e-02 1.927273e-05 207.52255415916443 39688.41659760475
188 1.640967e-01 1.230973e-01 0.000000e+00 4.099939e-02 1.927273e-05 213.89584016799927 39902.345799684525
189 1.266667e-01 8.566924e-02 0.000000e+00 4.099742e-02 1.830922e-05 211.77650928497314 40114.15669155121
190 1.598281e-01 1.188362e-01 0.000000e+00 4.099190e-02 1.830922e-05 209.17280840873718 40323.361795425415
191 1.266460e-01 8.565097e-02 0.000000e+00 4.099502e-02 1.830922e-05 209.47918581962585 40532.87460517883
192 1.616749e-01 1.206869e-01 0.000000e+00 4.098801e-02 1.739387e-05 214.77411341667175 40747.68131542206
193 1.187073e-01 7.771825e-02 0.000000e+00 4.098908e-02 1.739387e-05 211.09664869308472 40958.81121182442
194 1.593567e-01 1.183763e-01 0.000000e+00 4.098042e-02 1.652429e-05 209.61086440086365 41168.4599647522
195 1.179831e-01 7.700012e-02 0.000000e+00 4.098301e-02 1.652429e-05 209.49811625480652 41377.99085688591
196 1.512237e-01 1.102460e-01 0.000000e+00 4.097769e-02 1.652429e-05 214.32089567184448 41592.35161089897
197 1.172355e-01 7.625834e-02 0.000000e+00 4.097715e-02 1.569818e-05 212.31651949882507 41804.701474905014
198 1.339332e-01 9.295977e-02 0.000000e+00 4.097342e-02 1.569818e-05 207.468008518219 42012.20943260193
199 1.298393e-01 8.886879e-02 0.000000e+00 4.097046e-02 1.569818e-05 207.26058077812195 42219.50190281868
200 1.246669e-01 8.369734e-02 0.000000e+00 4.096958e-02 1.491337e-05 213.5856122970581 42433.11885213852
201 1.286279e-01 8.766166e-02 0.000000e+00 4.096628e-02 1.491337e-05 211.30989241600037 42644.46954154968
202 1.214030e-01 8.043711e-02 0.000000e+00 4.096584e-02 1.491337e-05 210.61754989624023 42855.11874175072
203 1.297910e-01 8.883008e-02 0.000000e+00 4.096094e-02 1.416780e-05 208.80907273292542 43063.95966672897
204 1.177417e-01 7.678144e-02 0.000000e+00 4.096023e-02 1.416780e-05 217.66857767105103 43281.66119861603
205 1.226551e-01 8.169723e-02 0.000000e+00 4.095787e-02 1.416780e-05 210.67228174209595 43492.36788272858
206 1.201881e-01 7.923212e-02 0.000000e+00 4.095593e-02 1.345950e-05 210.7712597846985 43703.17186141014
207 1.123837e-01 7.142833e-02 0.000000e+00 4.095542e-02 1.345950e-05 209.95065307617188 43913.15862321854
208 1.241177e-01 8.316722e-02 0.000000e+00 4.095052e-02 1.278661e-05 215.65439677238464 44128.8526031971
209 1.152961e-01 7.434661e-02 0.000000e+00 4.094948e-02 1.278661e-05 209.53758120536804 44338.42461204529
210 1.128558e-01 7.190748e-02 0.000000e+00 4.094828e-02 1.278661e-05 208.7424590587616 44547.19573879242
211 1.133885e-01 7.244186e-02 0.000000e+00 4.094667e-02 1.214736e-05 209.01197719573975 44756.235538721085
212 1.135678e-01 7.262402e-02 0.000000e+00 4.094381e-02 1.214736e-05 214.46862864494324 44970.73722696304
213 1.096021e-01 6.865915e-02 0.000000e+00 4.094294e-02 1.214736e-05 211.4514925479889 45182.222957372665
214 1.093900e-01 6.845035e-02 0.000000e+00 4.093967e-02 1.154007e-05 211.06442952156067 45393.330594062805
215 1.125057e-01 7.156794e-02 0.000000e+00 4.093774e-02 1.154007e-05 209.85031270980835 45603.21893763542
216 1.065499e-01 6.561239e-02 0.000000e+00 4.093748e-02 1.154007e-05 217.14801955223083 45820.400087833405
217 1.094766e-01 6.854199e-02 0.000000e+00 4.093462e-02 1.096314e-05 210.55973100662231 46030.999176979065
218 1.093976e-01 6.846456e-02 0.000000e+00 4.093300e-02 1.096314e-05 210.36966013908386 46241.40114688873
219 1.093384e-01 6.840648e-02 0.000000e+00 4.093195e-02 1.041506e-05 209.2188012599945 46450.653443574905
220 1.050159e-01 6.408606e-02 0.000000e+00 4.092982e-02 1.041506e-05 214.88437485694885 46665.57161140442
221 1.057651e-01 6.483636e-02 0.000000e+00 4.092876e-02 1.041506e-05 209.8976058959961 46875.511951208115
222 1.067555e-01 6.582961e-02 0.000000e+00 4.092584e-02 9.894371e-06 209.78333258628845 47085.33257317543
223 1.075157e-01 6.659041e-02 0.000000e+00 4.092529e-02 9.894371e-06 210.9549949169159 47296.32055473328
224 1.037091e-01 6.278509e-02 0.000000e+00 4.092405e-02 9.894371e-06 220.08295822143555 47516.437685489655
225 1.057590e-01 6.483729e-02 0.000000e+00 4.092172e-02 9.399716e-06 213.47200202941895 47729.9541516304
226 1.023042e-01 6.138356e-02 0.000000e+00 4.092066e-02 9.399716e-06 210.10667300224304 47940.09357690811
227 1.046753e-01 6.375667e-02 0.000000e+00 4.091858e-02 9.399716e-06 209.5986213684082 48149.72685933113
228 1.032497e-01 6.233179e-02 0.000000e+00 4.091789e-02 8.929791e-06 215.32106494903564 48365.08251428604
229 1.022098e-01 6.129328e-02 0.000000e+00 4.091653e-02 8.929791e-06 212.85530877113342 48577.972769737244
230 1.011424e-01 6.022773e-02 0.000000e+00 4.091465e-02 8.929791e-06 210.26919150352478 48788.28083014488
231 1.019275e-01 6.101453e-02 0.000000e+00 4.091293e-02 8.483358e-06 210.3513698577881 48998.67067885399
232 1.014052e-01 6.049357e-02 0.000000e+00 4.091161e-02 8.483358e-06 214.60823011398315 49213.31218504906
233 9.960977e-02 5.869880e-02 0.000000e+00 4.091096e-02 8.059245e-06 212.8371319770813 49426.18299269676
234 1.016444e-01 6.073563e-02 0.000000e+00 4.090875e-02 8.059245e-06 211.7518982887268 49637.978394031525
235 9.958446e-02 5.867654e-02 0.000000e+00 4.090792e-02 8.059245e-06 210.2572057247162 49848.271740436554
236 9.970680e-02 5.880015e-02 0.000000e+00 4.090665e-02 7.656334e-06 217.44192552566528 50065.753232479095
237 9.936621e-02 5.845970e-02 0.000000e+00 4.090652e-02 7.656334e-06 213.2586281299591 50279.04564332962
238 9.815531e-02 5.725046e-02 0.000000e+00 4.090485e-02 7.656334e-06 209.42298889160156 50488.50964093208
239 9.715987e-02 5.625637e-02 0.000000e+00 4.090350e-02 7.273567e-06 209.69611954689026 50698.26124572754
240 9.862714e-02 5.772438e-02 0.000000e+00 4.090276e-02 7.273567e-06 216.530371427536 50914.834703445435
241 9.700144e-02 5.610005e-02 0.000000e+00 4.090140e-02 7.273567e-06 212.45342421531677 51127.32109570503
242 9.813316e-02 5.723330e-02 0.000000e+00 4.089986e-02 6.909935e-06 210.79740953445435 51338.15865731239
243 9.692358e-02 5.602521e-02 0.000000e+00 4.089838e-02 6.909935e-06 210.5168490409851 51548.708839416504
244 9.671125e-02 5.581260e-02 0.000000e+00 4.089865e-02 6.564482e-06 215.70970606803894 51764.459703207016
245 9.522403e-02 5.432733e-02 0.000000e+00 4.089670e-02 6.564482e-06 211.6616451740265 51976.16123986244
246 9.835206e-02 5.745612e-02 0.000000e+00 4.089594e-02 6.564482e-06 209.66347551345825 52185.869644641876
247 9.617406e-02 5.527908e-02 0.000000e+00 4.089499e-02 6.236300e-06 214.42368865013123 52400.32474517822
248 9.535491e-02 5.446026e-02 0.000000e+00 4.089465e-02 6.236300e-06 216.85411953926086 52617.21366524696
249 9.661380e-02 5.572025e-02 0.000000e+00 4.089355e-02 6.236300e-06 213.18148398399353 52830.43097782135
250 9.714157e-02 5.624953e-02 0.000000e+00 4.089205e-02 5.924525e-06 211.36664056777954 53041.83223748207
251 9.564570e-02 5.475434e-02 0.000000e+00 4.089136e-02 5.924525e-06 207.0638782978058 53248.9234418869
252 9.491052e-02 5.401988e-02 0.000000e+00 4.089064e-02 5.924525e-06 213.24609208106995 53462.20442676544
253 9.581443e-02 5.492470e-02 0.000000e+00 4.088973e-02 5.628337e-06 211.30737376213074 53673.553812265396
254 9.430157e-02 5.341177e-02 0.000000e+00 4.088980e-02 5.628337e-06 209.8154594898224 53883.40142583847
255 9.449900e-02 5.361060e-02 0.000000e+00 4.088840e-02 5.628337e-06 209.52415084838867 54092.966878414154
256 9.519355e-02 5.430610e-02 0.000000e+00 4.088745e-02 5.346956e-06 212.87184619903564 54305.86544299126
257 9.282340e-02 5.193646e-02 0.000000e+00 4.088694e-02 5.346956e-06 212.24332427978516 54518.14170360565
258 9.250474e-02 5.161853e-02 0.000000e+00 4.088621e-02 5.079643e-06 211.64779424667358 54729.83327150345
259 9.340990e-02 5.252420e-02 0.000000e+00 4.088570e-02 5.079643e-06 211.9408643245697 54941.81608700752
260 9.337964e-02 5.249571e-02 0.000000e+00 4.088392e-02 5.079643e-06 216.59642267227173 55158.44696068764
261 9.273245e-02 5.184888e-02 0.000000e+00 4.088357e-02 4.825693e-06 212.42036819458008 55370.900961875916
262 9.301536e-02 5.213218e-02 0.000000e+00 4.088318e-02 4.825693e-06 209.7476053237915 55580.679347515106
263 9.329120e-02 5.240866e-02 0.000000e+00 4.088254e-02 4.825693e-06 212.3100311756134 55793.02350783348
264 9.209524e-02 5.121364e-02 0.000000e+00 4.088160e-02 4.584439e-06 217.26516938209534 56010.3169195652
265 9.162558e-02 5.074433e-02 0.000000e+00 4.088125e-02 4.584439e-06 212.5915744304657 56222.94840168953
266 9.207125e-02 5.119040e-02 0.000000e+00 4.088085e-02 4.584439e-06 210.05318117141724 56433.04324245453
267 9.181289e-02 5.093291e-02 0.000000e+00 4.087998e-02 4.355247e-06 207.99218654632568 56641.06850576401
268 9.189718e-02 5.101815e-02 0.000000e+00 4.087903e-02 4.355247e-06 215.18719816207886 56856.289303064346
269 9.263284e-02 5.175431e-02 0.000000e+00 4.087853e-02 4.137512e-06 211.2290780544281 57067.55271244049
270 9.194908e-02 5.107116e-02 0.000000e+00 4.087792e-02 4.137512e-06 209.06007361412048 57276.6418159008
271 9.113440e-02 5.025660e-02 0.000000e+00 4.087779e-02 4.137512e-06 210.2404763698578 57486.91601061821
272 8.937710e-02 4.850005e-02 0.000000e+00 4.087705e-02 3.930663e-06 215.3990375995636 57702.35712003708
273 9.010373e-02 4.922691e-02 0.000000e+00 4.087682e-02 3.930663e-06 211.11251831054688 57913.51122546196
274 9.061762e-02 4.974150e-02 0.000000e+00 4.087612e-02 3.930663e-06 210.1867368221283 58123.73205828667
275 9.058055e-02 4.970486e-02 0.000000e+00 4.087570e-02 3.734155e-06 209.52653646469116 58333.29065847397
276 9.015402e-02 4.927941e-02 0.000000e+00 4.087462e-02 3.734155e-06 215.06659698486328 58548.38623547554
277 8.986237e-02 4.898782e-02 0.000000e+00 4.087455e-02 3.734155e-06 212.67868399620056 58761.09203910828
278 9.083569e-02 4.996187e-02 0.000000e+00 4.087381e-02 3.547471e-06 208.86594080924988 58969.990312337875
279 8.905430e-02 4.818039e-02 0.000000e+00 4.087391e-02 3.547471e-06 208.20825791358948 59178.232632637024
280 9.058002e-02 4.970683e-02 0.000000e+00 4.087319e-02 3.547471e-06 214.96713638305664 59393.2397749424
281 8.912929e-02 4.825648e-02 0.000000e+00 4.087281e-02 3.370121e-06 213.15849328041077 59606.433269262314
282 8.986707e-02 4.899461e-02 0.000000e+00 4.087246e-02 3.370121e-06 214.37860107421875 59820.84739780426
283 8.912222e-02 4.825029e-02 0.000000e+00 4.087192e-02 3.201636e-06 212.52836537361145 60033.40686702728
284 8.924332e-02 4.837208e-02 0.000000e+00 4.087125e-02 3.201636e-06 214.43051505088806 60247.86900472641
285 8.915683e-02 4.828582e-02 0.000000e+00 4.087101e-02 3.201636e-06 211.59075832366943 60459.49628448486
286 8.920643e-02 4.833568e-02 0.000000e+00 4.087075e-02 3.041575e-06 208.63968539237976 60668.168778181076
287 8.853027e-02 4.765984e-02 0.000000e+00 4.087043e-02 3.041575e-06 209.13128876686096 60877.33389353752
288 8.960519e-02 4.873582e-02 0.000000e+00 4.086937e-02 3.041575e-06 213.55470776557922 61090.92889022827
289 8.871125e-02 4.784149e-02 0.000000e+00 4.086977e-02 2.889516e-06 213.75784707069397 61304.72184467316
290 8.715175e-02 4.628236e-02 0.000000e+00 4.086939e-02 2.889516e-06 210.70747900009155 61515.46197605133
291 8.786968e-02 4.700082e-02 0.000000e+00 4.086886e-02 2.889516e-06 210.1959261894226 61725.700753450394
292 8.705219e-02 4.618357e-02 0.000000e+00 4.086862e-02 2.745058e-06 212.6653711795807 61938.39244580269
293 8.777373e-02 4.690537e-02 0.000000e+00 4.086835e-02 2.745058e-06 209.99430537223816 62148.42537164688
294 8.746114e-02 4.659298e-02 0.000000e+00 4.086817e-02 2.607823e-06 211.65682554244995 62360.11679005623
295 8.779989e-02 4.693249e-02 0.000000e+00 4.086740e-02 2.607823e-06 210.66317582130432 62570.81260943413
296 8.800295e-02 4.713559e-02 0.000000e+00 4.086736e-02 2.607823e-06 215.5667006969452 62786.41240143776
297 8.666694e-02 4.580011e-02 0.000000e+00 4.086683e-02 2.477449e-06 210.7644338607788 62997.20947384834
298 8.732041e-02 4.645391e-02 0.000000e+00 4.086650e-02 2.477449e-06 209.52063608169556 63206.7697095871
299 8.680825e-02 4.594200e-02 0.000000e+00 4.086626e-02 2.477449e-06 209.70601272583008 63416.50681090355
300 8.720151e-02 4.633545e-02 0.000000e+00 4.086606e-02 2.353592e-06 214.07069778442383 63630.605364084244
301 8.717324e-02 4.630751e-02 0.000000e+00 4.086573e-02 2.353592e-06 211.1406590938568 63841.77912068367
302 8.622571e-02 4.535983e-02 0.000000e+00 4.086589e-02 2.353592e-06 209.72554731369019 64051.53976774216
303 8.631232e-02 4.544667e-02 0.000000e+00 4.086565e-02 2.235928e-06 209.32747626304626 64260.91058373451
304 8.650013e-02 4.563503e-02 0.000000e+00 4.086510e-02 2.235928e-06 230.595796585083 64491.53803443909
305 8.659956e-02 4.573478e-02 0.000000e+00 4.086478e-02 2.124146e-06 213.95994091033936 64705.531074523926
306 8.557323e-02 4.470845e-02 0.000000e+00 4.086479e-02 2.124146e-06 210.866375207901 64916.425961732864
307 8.700830e-02 4.614345e-02 0.000000e+00 4.086485e-02 2.124146e-06 210.31664609909058 65126.77679538727
308 8.564243e-02 4.477844e-02 0.000000e+00 4.086399e-02 2.017952e-06 214.36833000183105 65341.17657017708
309 8.698094e-02 4.611703e-02 0.000000e+00 4.086391e-02 2.017952e-06 212.59114050865173 65553.8008582592
310 8.540664e-02 4.454283e-02 0.000000e+00 4.086381e-02 2.017952e-06 210.07834649085999 65763.91084504128
311 8.606995e-02 4.520645e-02 0.000000e+00 4.086349e-02 1.917067e-06 211.41019129753113 65975.3616065979
312 8.493485e-02 4.407149e-02 0.000000e+00 4.086336e-02 1.917067e-06 215.21531510353088 66190.60525131226
313 8.636041e-02 4.549727e-02 0.000000e+00 4.086314e-02 1.917067e-06 209.76784348487854 66400.41400170326
314 8.575183e-02 4.488904e-02 0.000000e+00 4.086279e-02 1.821226e-06 208.1770534515381 66608.62039041519
315 8.539378e-02 4.453106e-02 0.000000e+00 4.086272e-02 1.821226e-06 207.0371470451355 66815.69285154343
316 8.552379e-02 4.466114e-02 0.000000e+00 4.086265e-02 1.821226e-06 216.76236128807068 67032.48421740532
317 8.506403e-02 4.420169e-02 0.000000e+00 4.086234e-02 1.730177e-06 213.9957253932953 67246.5146522522
318 8.503709e-02 4.417505e-02 0.000000e+00 4.086203e-02 1.730177e-06 208.7919373512268 67455.33963108063
319 8.532614e-02 4.446434e-02 0.000000e+00 4.086180e-02 1.643679e-06 210.72901892662048 67666.10336899757
320 8.498610e-02 4.412429e-02 0.000000e+00 4.086181e-02 1.643679e-06 214.8211908340454 67880.95988464355
321 8.538024e-02 4.451839e-02 0.000000e+00 4.086185e-02 1.643679e-06 211.65671253204346 68092.65038824081
322 8.459657e-02 4.373521e-02 0.000000e+00 4.086136e-02 1.561505e-06 214.41309237480164 68307.0984852314
323 8.500732e-02 4.414610e-02 0.000000e+00 4.086121e-02 1.561505e-06 212.26238369941711 68519.40134477615
324 8.504825e-02 4.418712e-02 0.000000e+00 4.086113e-02 1.561505e-06 216.85448932647705 68736.29111289978
325 8.439439e-02 4.353341e-02 0.000000e+00 4.086098e-02 1.483440e-06 208.87697052955627 68945.20033812523
326 8.505883e-02 4.419791e-02 0.000000e+00 4.086092e-02 1.483440e-06 210.0253245830536 69155.26673579216
327 8.418838e-02 4.332769e-02 0.000000e+00 4.086069e-02 1.483440e-06 210.54348063468933 69365.8426861763
328 8.405760e-02 4.319681e-02 0.000000e+00 4.086078e-02 1.409278e-06 215.54774284362793 69581.43272209167
329 8.427324e-02 4.341268e-02 0.000000e+00 4.086057e-02 1.409278e-06 213.81883120536804 69795.29465675354
330 8.484323e-02 4.398272e-02 0.000000e+00 4.086051e-02 1.338823e-06 211.86343336105347 70007.19486141205
331 8.422048e-02 4.336005e-02 0.000000e+00 4.086043e-02 1.338823e-06 211.0639946460724 70218.29317069054
332 8.390183e-02 4.304151e-02 0.000000e+00 4.086032e-02 1.338823e-06 211.54562187194824 70429.8722000122
333 8.439731e-02 4.353716e-02 0.000000e+00 4.086014e-02 1.271890e-06 212.48381114006042 70642.39656662941
334 8.382535e-02 4.296534e-02 0.000000e+00 4.086001e-02 1.271890e-06 210.54082250595093 70852.97287511826
335 8.395896e-02 4.309918e-02 0.000000e+00 4.085978e-02 1.271890e-06 209.19024229049683 71062.20244598389
336 8.360578e-02 4.274599e-02 0.000000e+00 4.085979e-02 1.208304e-06 215.15105986595154 71277.4040362835
337 8.353403e-02 4.267430e-02 0.000000e+00 4.085972e-02 1.208304e-06 210.94836497306824 71488.39203071594
338 8.385196e-02 4.299242e-02 0.000000e+00 4.085954e-02 1.208304e-06 208.35735893249512 71696.79018735886
339 8.370548e-02 4.284588e-02 0.000000e+00 4.085960e-02 1.147896e-06 213.3468496799469 71910.17140889168
340 8.372510e-02 4.286553e-02 0.000000e+00 4.085957e-02 1.147896e-06 225.88917756080627 72136.09469294548
341 8.375894e-02 4.289963e-02 0.000000e+00 4.085930e-02 1.147896e-06 212.99019575119019 72349.11694478989
342 8.317505e-02 4.231568e-02 0.000000e+00 4.085937e-02 1.090509e-06 209.9694004058838 72559.12269282341
343 8.308125e-02 4.222208e-02 0.000000e+00 4.085917e-02 1.090509e-06 210.03736424446106 72769.19967269897
344 8.336716e-02 4.250810e-02 0.000000e+00 4.085906e-02 1.035990e-06 216.99908423423767 72986.2403254509
345 8.322807e-02 4.236903e-02 0.000000e+00 4.085904e-02 1.035990e-06 212.22734808921814 73198.50068831444
346 8.323690e-02 4.237799e-02 0.000000e+00 4.085890e-02 1.035990e-06 212.60909366607666 73411.14120006561
347 8.331404e-02 4.245505e-02 0.000000e+00 4.085899e-02 9.841976e-07 211.904052734375 73623.08018875122
348 8.328509e-02 4.242623e-02 0.000000e+00 4.085887e-02 9.841976e-07 217.43023085594177 73840.546043396
349 8.292514e-02 4.206634e-02 0.000000e+00 4.085880e-02 9.841976e-07 212.47183775901794 74053.05165982246
350 8.316990e-02 4.231123e-02 0.000000e+00 4.085867e-02 9.349940e-07 210.8874216079712 74263.98081684113
351 8.305763e-02 4.219884e-02 0.000000e+00 4.085880e-02 9.349940e-07 211.36999011039734 74475.38532137871
352 8.329703e-02 4.243840e-02 0.000000e+00 4.085863e-02 9.349940e-07 218.51385021209717 74693.93374848366
353 8.299008e-02 4.213153e-02 0.000000e+00 4.085856e-02 8.882503e-07 212.366441488266 74906.33321022987
354 8.271722e-02 4.185868e-02 0.000000e+00 4.085855e-02 8.882503e-07 209.95479822158813 75116.3216547966
355 8.266189e-02 4.180338e-02 0.000000e+00 4.085851e-02 8.438435e-07 208.44019412994385 75324.79614377022
356 8.274872e-02 4.189028e-02 0.000000e+00 4.085844e-02 8.438435e-07 216.70475506782532 75541.5408051014
357 8.266274e-02 4.180427e-02 0.000000e+00 4.085846e-02 8.438435e-07 214.12706112861633 75755.70187616348
358 8.272966e-02 4.187123e-02 0.000000e+00 4.085843e-02 8.016567e-07 213.08368062973022 75968.8173584938
359 8.286399e-02 4.200568e-02 0.000000e+00 4.085831e-02 8.016567e-07 211.30181312561035 76180.14960575104
360 8.233600e-02 4.147763e-02 0.000000e+00 4.085836e-02 8.016567e-07 217.31213283538818 76397.49697494507
361 8.220281e-02 4.134448e-02 0.000000e+00 4.085833e-02 7.615790e-07 209.34237241744995 76606.87980937958
362 8.245777e-02 4.159959e-02 0.000000e+00 4.085818e-02 7.615790e-07 213.9930853843689 76820.90701150894
363 8.231177e-02 4.145361e-02 0.000000e+00 4.085816e-02 7.615790e-07 212.52025651931763 77033.46063017845
364 8.260863e-02 4.175043e-02 0.000000e+00 4.085820e-02 7.235050e-07 220.51898097991943 77254.0127286911
365 8.201619e-02 4.115809e-02 0.000000e+00 4.085811e-02 7.235050e-07 210.8658549785614 77464.91091752052
366 8.234793e-02 4.148982e-02 0.000000e+00 4.085812e-02 7.235050e-07 211.69251704216003 77676.66032147408
367 8.198725e-02 4.112906e-02 0.000000e+00 4.085818e-02 6.873344e-07 211.37966299057007 77888.07316994667
368 8.199006e-02 4.113201e-02 0.000000e+00 4.085805e-02 6.873344e-07 217.09351682662964 78105.2064549923
369 8.215171e-02 4.129366e-02 0.000000e+00 4.085805e-02 6.529720e-07 212.62154150009155 78317.8607954979
370 8.207893e-02 4.122091e-02 0.000000e+00 4.085802e-02 6.529720e-07 209.5683205127716 78527.46309733391
371 8.223418e-02 4.137607e-02 0.000000e+00 4.085811e-02 6.529720e-07 222.25724840164185 78749.75062012672
372 8.194307e-02 4.108511e-02 0.000000e+00 4.085796e-02 6.203276e-07 216.92658638954163 78966.71078372002
373 8.159019e-02 4.073216e-02 0.000000e+00 4.085803e-02 6.203276e-07 211.8910665512085 79178.6347079277
374 8.175862e-02 4.090064e-02 0.000000e+00 4.085798e-02 6.203276e-07 210.84068870544434 79389.51462435722
375 8.180026e-02 4.094224e-02 0.000000e+00 4.085801e-02 5.893152e-07 211.72070908546448 79601.2696056366
376 8.189449e-02 4.103655e-02 0.000000e+00 4.085795e-02 5.893152e-07 216.62917923927307 79817.93246603012
377 8.182585e-02 4.096791e-02 0.000000e+00 4.085794e-02 5.893152e-07 212.07598114013672 80030.04098725319
378 8.157111e-02 4.071309e-02 0.000000e+00 4.085802e-02 5.598532e-07 211.31270265579224 80241.38256287575
379 8.183555e-02 4.097765e-02 0.000000e+00 4.085790e-02 5.598532e-07 208.3756058216095 80449.79717445374
380 8.168486e-02 4.082691e-02 0.000000e+00 4.085795e-02 5.318642e-07 214.60974860191345 80664.4393196106
381 8.168600e-02 4.082801e-02 0.000000e+00 4.085799e-02 5.318642e-07 213.86505913734436 80878.34101581573
382 8.166092e-02 4.080304e-02 0.000000e+00 4.085788e-02 5.318642e-07 212.35386037826538 81090.72969174385
383 8.149403e-02 4.063607e-02 0.000000e+00 4.085796e-02 5.052744e-07 212.40855622291565 81303.17092823982
384 8.137842e-02 4.052052e-02 0.000000e+00 4.085790e-02 5.052744e-07 215.41007733345032 81518.62413883209
385 8.172981e-02 4.087187e-02 0.000000e+00 4.085795e-02 5.052744e-07 212.96554160118103 81731.6306707859
386 8.148120e-02 4.062321e-02 0.000000e+00 4.085799e-02 4.800139e-07 211.40850186347961 81943.07391881943
387 8.144630e-02 4.058832e-02 0.000000e+00 4.085798e-02 4.800139e-07 210.75261616706848 82153.86140990257
388 8.153453e-02 4.067663e-02 0.000000e+00 4.085790e-02 4.800139e-07 216.36769104003906 82370.25962495804
389 8.114293e-02 4.028505e-02 0.000000e+00 4.085788e-02 4.560163e-07 213.57055068016052 82583.86217188835
390 8.150313e-02 4.064509e-02 0.000000e+00 4.085803e-02 4.560163e-07 211.1539499759674 82795.05603313446
391 8.142650e-02 4.056855e-02 0.000000e+00 4.085795e-02 4.332184e-07 208.85377717018127 83003.94366073608
392 8.115158e-02 4.029363e-02 0.000000e+00 4.085795e-02 4.332184e-07 215.8956971168518 83219.86654114723
393 8.123286e-02 4.037496e-02 0.000000e+00 4.085790e-02 4.332184e-07 211.96207571029663 83431.86316919327
394 8.129781e-02 4.043977e-02 0.000000e+00 4.085804e-02 4.115602e-07 211.13194346427917 83643.02681326866
395 8.113435e-02 4.027635e-02 0.000000e+00 4.085799e-02 4.115602e-07 212.00942277908325 83855.07019162178
396 8.109382e-02 4.023574e-02 0.000000e+00 4.085808e-02 4.115602e-07 215.9855408668518 84071.09864902496
397 8.116942e-02 4.031133e-02 0.000000e+00 4.085809e-02 3.909849e-07 210.64307808876038 84281.78018569946
398 8.125152e-02 4.039334e-02 0.000000e+00 4.085817e-02 3.909849e-07 209.3982057571411 84491.2106769085
399 8.096932e-02 4.011128e-02 0.000000e+00 4.085804e-02 3.909849e-07 209.04072499275208 84700.27994418144
400 8.104858e-02 4.019053e-02 0.000000e+00 4.085806e-02 3.714381e-07 214.77645611763 84915.11303424835
401 8.107224e-02 4.021407e-02 0.000000e+00 4.085817e-02 3.714381e-07 211.55758428573608 85126.70437002182
402 8.094706e-02 4.008893e-02 0.000000e+00 4.085813e-02 3.714381e-07 210.37550950050354 85337.11640763283
403 8.095847e-02 4.010036e-02 0.000000e+00 4.085811e-02 3.528686e-07 209.56373000144958 85546.72157335281
404 8.087711e-02 4.001891e-02 0.000000e+00 4.085820e-02 3.528686e-07 217.0750651359558 85763.82348704338
405 8.099295e-02 4.013482e-02 0.000000e+00 4.085813e-02 3.352274e-07 213.21264457702637 85977.07896590233
406 8.092179e-02 4.006361e-02 0.000000e+00 4.085817e-02 3.352274e-07 209.09952902793884 86186.21210479736
407 8.109899e-02 4.024085e-02 0.000000e+00 4.085815e-02 3.352274e-07 212.92624640464783 86399.17293477058
408 8.086778e-02 4.000958e-02 0.000000e+00 4.085820e-02 3.184682e-07 217.41335654258728 86616.62122750282
409 8.068398e-02 3.982572e-02 0.000000e+00 4.085827e-02 3.184682e-07 211.81244540214539 86828.47479891777
410 8.073435e-02 3.987605e-02 0.000000e+00 4.085830e-02 3.184682e-07 210.6379315853119 87039.15433168411
411 8.062154e-02 3.976324e-02 0.000000e+00 4.085830e-02 3.025468e-07 209.42527604103088 87248.60702419281
412 8.063645e-02 3.977815e-02 0.000000e+00 4.085829e-02 3.025468e-07 215.26385188102722 87463.91113877296
413 8.064491e-02 3.978659e-02 0.000000e+00 4.085832e-02 3.025468e-07 210.78591561317444 87674.72896742821
414 8.061980e-02 3.976143e-02 0.000000e+00 4.085836e-02 2.874214e-07 210.467768907547 87885.22477650642
415 8.062385e-02 3.976551e-02 0.000000e+00 4.085834e-02 2.874214e-07 211.1050820350647 88096.37029218674
416 8.066973e-02 3.981140e-02 0.000000e+00 4.085833e-02 2.730522e-07 212.71881341934204 88309.12082695961
417 8.056936e-02 3.971097e-02 0.000000e+00 4.085840e-02 2.730522e-07 212.20584774017334 88521.35998821259
418 8.052245e-02 3.966404e-02 0.000000e+00 4.085841e-02 2.730522e-07 210.43198251724243 88731.83209776878
419 8.055920e-02 3.970070e-02 0.000000e+00 4.085850e-02 2.594013e-07 209.29629063606262 88941.16921901703
420 8.051811e-02 3.965964e-02 0.000000e+00 4.085847e-02 2.594013e-07 217.36490201950073 89158.57177567482
421 8.042994e-02 3.957147e-02 0.000000e+00 4.085847e-02 2.594013e-07 213.48144602775574 89372.09328198433
422 8.051061e-02 3.965203e-02 0.000000e+00 4.085858e-02 2.464329e-07 211.67708802223206 89583.8125693798
423 8.036312e-02 3.950461e-02 0.000000e+00 4.085850e-02 2.464329e-07 210.12502694129944 89793.97016215324
424 8.054819e-02 3.968968e-02 0.000000e+00 4.085851e-02 2.464329e-07 213.770893573761 90007.77937674522
425 8.039712e-02 3.953852e-02 0.000000e+00 4.085861e-02 2.341129e-07 212.57912945747375 90220.38965463638
426 8.037498e-02 3.951637e-02 0.000000e+00 4.085861e-02 2.341129e-07 212.43089818954468 90432.85432124138
427 8.035780e-02 3.949916e-02 0.000000e+00 4.085864e-02 2.341129e-07 210.65887808799744 90643.54578661919
428 8.035504e-02 3.949636e-02 0.000000e+00 4.085868e-02 2.224087e-07 216.6910355091095 90860.27525639534
429 8.036908e-02 3.951036e-02 0.000000e+00 4.085872e-02 2.224087e-07 212.92407131195068 91073.24156808853
430 8.022314e-02 3.936446e-02 0.000000e+00 4.085868e-02 2.112897e-07 212.68325424194336 91285.95132994652
431 8.015005e-02 3.929134e-02 0.000000e+00 4.085872e-02 2.112897e-07 210.23882579803467 91496.22777080536
432 8.025298e-02 3.939422e-02 0.000000e+00 4.085877e-02 2.112897e-07 214.3497269153595 91710.61690425873
433 8.022577e-02 3.936690e-02 0.000000e+00 4.085887e-02 2.007266e-07 212.61267113685608 91923.2553896904
434 8.022169e-02 3.936291e-02 0.000000e+00 4.085877e-02 2.007266e-07 212.45397686958313 92135.74083781242
435 8.028437e-02 3.942551e-02 0.000000e+00 4.085886e-02 2.007266e-07 210.53854084014893 92346.3137948513
436 8.014573e-02 3.928686e-02 0.000000e+00 4.085886e-02 1.906915e-07 217.4848597049713 92563.83115172386
437 8.019954e-02 3.934064e-02 0.000000e+00 4.085891e-02 1.906915e-07 211.51133751869202 92775.38035535812
438 8.008895e-02 3.923006e-02 0.000000e+00 4.085889e-02 1.906915e-07 211.35565900802612 92986.77265119553
439 8.011019e-02 3.925126e-02 0.000000e+00 4.085893e-02 1.811582e-07 216.5394630432129 93203.34623026848
440 8.011008e-02 3.925117e-02 0.000000e+00 4.085892e-02 1.811582e-07 220.30940055847168 93423.68351173401
441 8.006347e-02 3.920461e-02 0.000000e+00 4.085886e-02 1.721014e-07 212.58052492141724 93636.29614853859
442 8.012307e-02 3.926412e-02 0.000000e+00 4.085894e-02 1.721014e-07 208.28309321403503 93844.61888742447
443 8.009618e-02 3.923726e-02 0.000000e+00 4.085891e-02 1.721014e-07 209.64709329605103 94054.29802775383
444 8.009921e-02 3.924021e-02 0.000000e+00 4.085901e-02 1.634975e-07 214.6493318080902 94268.9820253849
445 7.988426e-02 3.902515e-02 0.000000e+00 4.085911e-02 1.634975e-07 211.6362807750702 94480.65158176422
446 8.000543e-02 3.914631e-02 0.000000e+00 4.085912e-02 1.634975e-07 210.07914233207703 94690.76619052887
447 8.000212e-02 3.914311e-02 0.000000e+00 4.085900e-02 1.553236e-07 211.50601744651794 94902.3046245575
448 7.993250e-02 3.907332e-02 0.000000e+00 4.085918e-02 1.553236e-07 213.71399974822998 95116.04545331001
449 8.001423e-02 3.915517e-02 0.000000e+00 4.085906e-02 1.553236e-07 210.3293740749359 95326.4065926075
450 7.999874e-02 3.913957e-02 0.000000e+00 4.085916e-02 1.475585e-07 207.96125388145447 95534.40156579018
451 7.985684e-02 3.899767e-02 0.000000e+00 4.085917e-02 1.475585e-07 211.41132712364197 95745.84654712677
452 7.986673e-02 3.900745e-02 0.000000e+00 4.085928e-02 1.475585e-07 212.9217312335968 95958.80746722221
453 7.980740e-02 3.894823e-02 0.000000e+00 4.085917e-02 1.401815e-07 208.350647687912 96167.19310259819
454 7.978772e-02 3.892834e-02 0.000000e+00 4.085938e-02 1.401815e-07 209.05957412719727 96376.29073166847
455 7.986605e-02 3.900683e-02 0.000000e+00 4.085922e-02 1.331733e-07 215.88739132881165 96592.22092962265
456 7.992387e-02 3.906467e-02 0.000000e+00 4.085920e-02 1.331733e-07 218.0494785308838 96810.30552244186
457 7.994914e-02 3.908986e-02 0.000000e+00 4.085927e-02 1.331733e-07 212.4920928478241 97022.83406376839
458 7.981203e-02 3.895261e-02 0.000000e+00 4.085942e-02 1.265155e-07 209.45151376724243 97232.31992578506
459 7.992702e-02 3.906767e-02 0.000000e+00 4.085934e-02 1.265155e-07 208.56964564323425 97440.92258238792
460 7.987218e-02 3.901294e-02 0.000000e+00 4.085923e-02 1.265155e-07 214.25594639778137 97655.21318340302
461 7.976992e-02 3.891055e-02 0.000000e+00 4.085937e-02 1.201905e-07 210.163183927536 97865.41060829163
462 7.972902e-02 3.886958e-02 0.000000e+00 4.085943e-02 1.201905e-07 231.73846435546875 98097.1892080307
463 7.984460e-02 3.898515e-02 0.000000e+00 4.085946e-02 1.201905e-07 212.13187718391418 98309.36108398438
464 7.972464e-02 3.886520e-02 0.000000e+00 4.085943e-02 1.141818e-07 215.21235609054565 98524.60558438301
465 7.972529e-02 3.886584e-02 0.000000e+00 4.085946e-02 1.141818e-07 208.81572818756104 98733.46556448936
466 7.970308e-02 3.884358e-02 0.000000e+00 4.085950e-02 1.084734e-07 210.0131058692932 98943.51099300385
467 7.974280e-02 3.888323e-02 0.000000e+00 4.085958e-02 1.084734e-07 208.97008180618286 99152.5232732296
468 7.966556e-02 3.880600e-02 0.000000e+00 4.085955e-02 1.084734e-07 212.7006585597992 99365.25827765465
469 7.969207e-02 3.883260e-02 0.000000e+00 4.085948e-02 1.030504e-07 213.65177273750305 99578.94509243965
470 7.965211e-02 3.879258e-02 0.000000e+00 4.085952e-02 1.030504e-07 208.22395062446594 99787.20169591904
471 7.960184e-02 3.874228e-02 0.000000e+00 4.085957e-02 1.030504e-07 208.13517141342163 99995.37659907341
472 7.964306e-02 3.878356e-02 0.000000e+00 4.085951e-02 9.789858e-08 218.34391713142395 100213.76123762131
473 7.967619e-02 3.881657e-02 0.000000e+00 4.085962e-02 9.789858e-08 216.18371987342834 100429.97684431076
474 7.961690e-02 3.875726e-02 0.000000e+00 4.085964e-02 9.789858e-08 210.5493974685669 100640.55959010124
475 7.963933e-02 3.877968e-02 0.000000e+00 4.085965e-02 9.300428e-08 211.62921166419983 100852.22365999222
476 7.958366e-02 3.872388e-02 0.000000e+00 4.085978e-02 9.300428e-08 215.66757106781006 101067.92430567741
477 7.965685e-02 3.879716e-02 0.000000e+00 4.085969e-02 9.300428e-08 211.00711131095886 101278.97240519524
478 7.959208e-02 3.873235e-02 0.000000e+00 4.085973e-02 8.835466e-08 208.827134847641 101487.83297801018
479 7.957082e-02 3.871109e-02 0.000000e+00 4.085974e-02 8.835466e-08 209.69516110420227 101697.56011939049
480 7.958172e-02 3.872202e-02 0.000000e+00 4.085970e-02 8.393750e-08 215.2916853427887 101912.89400553703
481 7.955582e-02 3.869595e-02 0.000000e+00 4.085987e-02 8.393750e-08 208.7166085243225 102121.64285111427
482 7.957108e-02 3.871138e-02 0.000000e+00 4.085970e-02 8.393750e-08 206.28040385246277 102327.96199131012
483 7.957830e-02 3.871849e-02 0.000000e+00 4.085981e-02 7.974116e-08 210.2645251750946 102538.26202082634
484 7.949085e-02 3.863103e-02 0.000000e+00 4.085982e-02 7.974116e-08 214.9429111480713 102753.23899102211
485 7.957889e-02 3.871913e-02 0.000000e+00 4.085976e-02 7.974116e-08 211.68161368370056 102964.96349573135
486 7.946743e-02 3.860755e-02 0.000000e+00 4.085988e-02 7.575461e-08 210.28323650360107 103175.27981519699
487 7.951951e-02 3.865963e-02 0.000000e+00 4.085989e-02 7.575461e-08 211.5312521457672 103386.852060318
488 7.942180e-02 3.856194e-02 0.000000e+00 4.085986e-02 7.575461e-08 217.65295958518982 103604.53997397423
489 7.949652e-02 3.863663e-02 0.000000e+00 4.085989e-02 7.196737e-08 212.18850803375244 103816.77327036858
490 7.948372e-02 3.862379e-02 0.000000e+00 4.085992e-02 7.196737e-08 210.0553331375122 104026.85641026497
491 7.946093e-02 3.860093e-02 0.000000e+00 4.085999e-02 6.836946e-08 210.47492456436157 104237.35836791992
492 7.946524e-02 3.860542e-02 0.000000e+00 4.085982e-02 6.836946e-08 213.83017253875732 104451.22262835503
493 7.947669e-02 3.861668e-02 0.000000e+00 4.086001e-02 6.836946e-08 211.27695560455322 104662.53523206711
494 7.943767e-02 3.857777e-02 0.000000e+00 4.085990e-02 6.495143e-08 209.52249312400818 104872.08501124382
495 7.943691e-02 3.857690e-02 0.000000e+00 4.086001e-02 6.495143e-08 209.73278975486755 105081.85199356079
496 7.943445e-02 3.857450e-02 0.000000e+00 4.085996e-02 6.495143e-08 215.59708881378174 105297.48480916023
497 7.942343e-02 3.856340e-02 0.000000e+00 4.086003e-02 6.170427e-08 209.07306599617004 105506.58900785446
498 7.947007e-02 3.861008e-02 0.000000e+00 4.086000e-02 6.170427e-08 209.81020140647888 105716.43155312538
499 7.940094e-02 3.854097e-02 0.000000e+00 4.085996e-02 6.170427e-08 208.58655667304993 105925.05006670952
500 7.940863e-02 3.854862e-02 0.000000e+00 4.086001e-02 5.861945e-08 213.73014545440674 106138.82260298729
501 7.941639e-02 3.855624e-02 0.000000e+00 4.086015e-02 5.861945e-08 210.71601486206055 106349.57215714455
502 7.939863e-02 3.853864e-02 0.000000e+00 4.085999e-02 5.568886e-08 209.52073979377747 106559.12479615211
503 7.939893e-02 3.853893e-02 0.000000e+00 4.086001e-02 5.568886e-08 208.88835072517395 106768.05236172676
504 7.935642e-02 3.849620e-02 0.000000e+00 4.086022e-02 5.568886e-08 214.86357188224792 106982.95118379593
505 7.943323e-02 3.857326e-02 0.000000e+00 4.085998e-02 5.290477e-08 210.74019956588745 107193.73112344742
506 7.934643e-02 3.848613e-02 0.000000e+00 4.086030e-02 5.290477e-08 211.22247290611267 107404.98760199547
507 7.932224e-02 3.846208e-02 0.000000e+00 4.086017e-02 5.290477e-08 209.92359495162964 107614.95076560974
508 7.934192e-02 3.848175e-02 0.000000e+00 4.086017e-02 5.025987e-08 216.28027057647705 107831.27282357216
509 7.937586e-02 3.851581e-02 0.000000e+00 4.086006e-02 5.025987e-08 211.4799027442932 108042.78353261948
510 7.935063e-02 3.849044e-02 0.000000e+00 4.086019e-02 5.025987e-08 210.09441661834717 108252.91097521782
511 7.930909e-02 3.844890e-02 0.000000e+00 4.086019e-02 4.774720e-08 209.49889087677002 108462.44461107254
512 7.930610e-02 3.844596e-02 0.000000e+00 4.086013e-02 4.774720e-08 216.90611028671265 108679.39046120644
513 7.932214e-02 3.846180e-02 0.000000e+00 4.086034e-02 4.774720e-08 212.03120875358582 108891.46876621246
514 7.933964e-02 3.847953e-02 0.000000e+00 4.086011e-02 4.536015e-08 209.3696267604828 109100.8701505661
515 7.926387e-02 3.840360e-02 0.000000e+00 4.086026e-02 4.536015e-08 209.32825088500977 109310.23051142693
516 7.933405e-02 3.847385e-02 0.000000e+00 4.086020e-02 4.309243e-08 214.1476321220398 109524.41806101799
517 7.930388e-02 3.844357e-02 0.000000e+00 4.086031e-02 4.309243e-08 212.98311591148376 109737.43720602989
518 7.930050e-02 3.844038e-02 0.000000e+00 4.086012e-02 4.309243e-08 209.74008107185364 109947.21276950836
519 7.925542e-02 3.839507e-02 0.000000e+00 4.086036e-02 4.093808e-08 209.78260731697083 110157.02771091461
520 7.926425e-02 3.840389e-02 0.000000e+00 4.086035e-02 4.093808e-08 218.49361181259155 110375.56141996384
521 7.931005e-02 3.844990e-02 0.000000e+00 4.086015e-02 4.093808e-08 212.0868275165558 110587.68126416206
522 7.927507e-02 3.841468e-02 0.000000e+00 4.086039e-02 3.889144e-08 213.62915015220642 110801.34478998184
523 7.924736e-02 3.838716e-02 0.000000e+00 4.086020e-02 3.889144e-08 209.40143203735352 111010.7778711319
524 7.928069e-02 3.842040e-02 0.000000e+00 4.086030e-02 3.889144e-08 215.58106970787048 111226.40052127838
525 7.924744e-02 3.838711e-02 0.000000e+00 4.086033e-02 3.694712e-08 212.25625085830688 111438.69210028648
526 7.929598e-02 3.843572e-02 0.000000e+00 4.086026e-02 3.694712e-08 212.28725409507751 111651.01383113861
527 7.923179e-02 3.837128e-02 0.000000e+00 4.086051e-02 3.510000e-08 212.24507188796997 111863.29194140434
528 7.928454e-02 3.842416e-02 0.000000e+00 4.086039e-02 3.510000e-08 217.16924214363098 112080.50492620468
529 7.920892e-02 3.834861e-02 0.000000e+00 4.086030e-02 3.510000e-08 212.19253396987915 112292.73250222206
530 7.927167e-02 3.841129e-02 0.000000e+00 4.086038e-02 3.334522e-08 214.14766240119934 112506.920327425
531 7.918801e-02 3.832767e-02 0.000000e+00 4.086034e-02 3.334522e-08 208.58661484718323 112715.5356566906
532 7.921119e-02 3.835076e-02 0.000000e+00 4.086043e-02 3.334522e-08 215.68722677230835 112931.26523375511
533 7.923418e-02 3.837378e-02 0.000000e+00 4.086040e-02 3.167818e-08 212.44297695159912 113143.73980545998
534 7.920686e-02 3.834647e-02 0.000000e+00 4.086039e-02 3.167818e-08 209.59250378608704 113353.3649315834
535 7.920495e-02 3.834453e-02 0.000000e+00 4.086042e-02 3.167818e-08 209.88410782814026 113563.27664208412
536 7.918656e-02 3.832603e-02 0.000000e+00 4.086052e-02 3.009447e-08 214.55775928497314 113777.86702919006
537 7.918886e-02 3.832854e-02 0.000000e+00 4.086031e-02 3.009447e-08 212.2588210105896 113990.16944050789
538 7.919511e-02 3.833464e-02 0.000000e+00 4.086047e-02 3.009447e-08 211.94610166549683 114202.1471209526
539 7.917665e-02 3.831620e-02 0.000000e+00 4.086045e-02 2.858994e-08 209.11173057556152 114411.28446030617
