epoch	 loss	 RMSE_Etot	 RMSE_Ei	 RMSE_F	 real_lr	 epoch_time	 wall_time
1 2.642771e+00 2.571679e+00 0.000000e+00 7.109264e-02 9.025122e-04 348.8353898525238 348.8673903942108
2 1.051177e+00 1.019665e+00 0.000000e+00 3.151110e-02 8.145282e-04 347.723192691803 696.6450140476227
3 6.668652e-01 6.375923e-01 0.000000e+00 2.927292e-02 7.351217e-04 341.7964506149292 1038.4943134784698
4 5.741324e-01 5.459194e-01 0.000000e+00 2.821300e-02 6.634562e-04 344.36283588409424 1382.9143252372742
5 4.634875e-01 4.367088e-01 0.000000e+00 2.677871e-02 5.987773e-04 343.0378005504608 1726.001546382904
6 3.822014e-01 3.571730e-01 0.000000e+00 2.502844e-02 5.404038e-04 346.17190861701965 2072.2299377918243
7 3.220226e-01 2.982731e-01 0.000000e+00 2.374947e-02 4.877210e-04 346.1459159851074 2418.4252364635468
8 2.433509e-01 2.204084e-01 0.000000e+00 2.294256e-02 4.401742e-04 348.5082833766937 2766.9810523986816
9 1.936296e-01 1.710814e-01 0.000000e+00 2.254812e-02 3.972626e-04 345.22877383232117 3112.258727312088
10 1.642338e-01 1.420157e-01 0.000000e+00 2.221814e-02 3.585343e-04 345.653028011322 3457.96643614769
11 1.390713e-01 1.170995e-01 0.000000e+00 2.197185e-02 3.235816e-04 347.1998972892761 3805.214046239853
12 1.199825e-01 9.821398e-02 0.000000e+00 2.176857e-02 2.920363e-04 346.94620966911316 4152.216500759125
13 1.024713e-01 8.089326e-02 0.000000e+00 2.157804e-02 2.635663e-04 345.5458879470825 4497.816943883896
14 9.181994e-02 7.039983e-02 0.000000e+00 2.142011e-02 2.378718e-04 351.321337223053 4849.1939260959625
15 8.727663e-02 6.600715e-02 0.000000e+00 2.126948e-02 2.146822e-04 346.09362387657166 5195.346047401428
16 7.981728e-02 5.867776e-02 0.000000e+00 2.113952e-02 1.937533e-04 345.4480125904083 5540.85418510437
17 7.453481e-02 5.349333e-02 0.000000e+00 2.104148e-02 1.748647e-04 348.2856957912445 5889.199478149414
18 7.054407e-02 4.958741e-02 0.000000e+00 2.095666e-02 1.578175e-04 354.9723925590515 6244.227536678314
19 6.890099e-02 4.802832e-02 0.000000e+00 2.087268e-02 1.424323e-04 349.03965735435486 6593.322085857391
20 6.435521e-02 4.355270e-02 0.000000e+00 2.080251e-02 1.285468e-04 349.4278154373169 6942.800864458084
21 6.324499e-02 4.250401e-02 0.000000e+00 2.074098e-02 1.160151e-04 351.9892499446869 7294.844609260559
22 6.284790e-02 4.215120e-02 0.000000e+00 2.069670e-02 9.947045e-05 350.100572347641 7644.994474649429
23 6.056616e-02 3.992085e-02 0.000000e+00 2.064531e-02 8.977330e-05 348.5080318450928 7993.560636281967
24 5.803009e-02 3.742936e-02 0.000000e+00 2.060073e-02 8.102149e-05 343.0352449417114 8336.652936458588
25 5.695952e-02 3.639079e-02 0.000000e+00 2.056873e-02 7.312288e-05 345.1099638938904 8681.8221783638
26 5.504376e-02 3.450924e-02 0.000000e+00 2.053452e-02 6.599429e-05 345.8944146633148 9027.774498224258
27 5.411424e-02 3.361905e-02 0.000000e+00 2.049520e-02 5.956065e-05 354.19891810417175 9382.023273229599
28 5.224366e-02 3.177317e-02 0.000000e+00 2.047049e-02 5.375422e-05 352.8592002391815 9734.930445432663
29 5.214363e-02 3.169753e-02 0.000000e+00 2.044609e-02 4.851383e-05 344.518673658371 10079.50712442398
30 5.009024e-02 2.966676e-02 0.000000e+00 2.042348e-02 4.378433e-05 352.1436936855316 10431.702264547348
31 5.011017e-02 2.970605e-02 0.000000e+00 2.040412e-02 3.951589e-05 349.8677215576172 10781.620650529861
32 4.923632e-02 2.885126e-02 0.000000e+00 2.038507e-02 3.566357e-05 348.53001642227173 11130.20050239563
33 4.874710e-02 2.837976e-02 0.000000e+00 2.036734e-02 3.218681e-05 345.9018225669861 11476.160289049149
34 4.838010e-02 2.802681e-02 0.000000e+00 2.035329e-02 2.904898e-05 351.67989349365234 11827.897417068481
35 4.710782e-02 2.676984e-02 0.000000e+00 2.033798e-02 2.621706e-05 350.0462746620178 12177.99933052063
36 4.653215e-02 2.620976e-02 0.000000e+00 2.032238e-02 2.366122e-05 351.7789161205292 12529.826704978943
37 4.564051e-02 2.532706e-02 0.000000e+00 2.031345e-02 2.135454e-05 351.82416558265686 12881.701358556747
38 4.568235e-02 2.537896e-02 0.000000e+00 2.030340e-02 1.927273e-05 346.63034868240356 13228.389436006546
39 4.513239e-02 2.483668e-02 0.000000e+00 2.029571e-02 1.739387e-05 354.6421558856964 13583.083714485168
40 4.423698e-02 2.395006e-02 0.000000e+00 2.028692e-02 1.569818e-05 347.5052034854889 13930.63822722435
41 4.382673e-02 2.354756e-02 0.000000e+00 2.027917e-02 1.416780e-05 349.33395409584045 14280.024899721146
42 4.302809e-02 2.275484e-02 0.000000e+00 2.027326e-02 1.278661e-05 343.84265303611755 14623.92420244217
43 4.264401e-02 2.237696e-02 0.000000e+00 2.026705e-02 1.096314e-05 345.7477810382843 14969.728048086166
44 4.289278e-02 2.263056e-02 0.000000e+00 2.026223e-02 9.894371e-06 348.6631553173065 15318.448547363281
45 4.164463e-02 2.138746e-02 0.000000e+00 2.025716e-02 8.929791e-06 346.8492708206177 15665.346066474915
46 4.166018e-02 2.140757e-02 0.000000e+00 2.025261e-02 8.059245e-06 347.09547233581543 16012.490510940552
47 4.120119e-02 2.095187e-02 0.000000e+00 2.024932e-02 7.273567e-06 348.21926069259644 16360.76452255249
48 4.090105e-02 2.065510e-02 0.000000e+00 2.024595e-02 6.564482e-06 349.27002239227295 16710.089918375015
49 4.046914e-02 2.022656e-02 0.000000e+00 2.024258e-02 5.924525e-06 346.910138130188 17057.04937839508
50 3.998657e-02 1.974712e-02 0.000000e+00 2.023946e-02 5.346956e-06 349.03585505485535 17406.13497543335
51 3.990984e-02 1.967160e-02 0.000000e+00 2.023824e-02 4.825693e-06 347.54760336875916 17753.740364313126
52 3.959140e-02 1.935532e-02 0.000000e+00 2.023608e-02 4.355247e-06 347.3437020778656 18101.14093565941
53 3.928953e-02 1.905580e-02 0.000000e+00 2.023373e-02 3.930663e-06 349.59405732154846 18450.786091804504
54 3.904856e-02 1.881651e-02 0.000000e+00 2.023205e-02 3.547471e-06 350.02956533432007 18800.873178243637
55 3.878835e-02 1.855769e-02 0.000000e+00 2.023066e-02 3.201636e-06 348.9506633281708 19149.87929368019
56 3.858715e-02 1.835762e-02 0.000000e+00 2.022953e-02 2.889516e-06 351.9101040363312 19501.83827662468
57 3.858246e-02 1.835405e-02 0.000000e+00 2.022840e-02 2.607823e-06 350.38656210899353 19852.28207874298
58 3.827182e-02 1.804443e-02 0.000000e+00 2.022740e-02 2.353592e-06 351.7469964027405 20204.07804775238
59 3.799793e-02 1.777115e-02 0.000000e+00 2.022678e-02 2.124146e-06 356.2191731929779 20560.35302734375
60 3.781516e-02 1.758912e-02 0.000000e+00 2.022604e-02 1.917067e-06 348.2353434562683 20908.64099264145
61 3.753449e-02 1.730955e-02 0.000000e+00 2.022494e-02 1.730177e-06 346.11941504478455 21254.81332206726
62 3.740603e-02 1.718137e-02 0.000000e+00 2.022466e-02 1.561505e-06 347.5597651004791 21602.42994070053
63 3.737186e-02 1.714788e-02 0.000000e+00 2.022398e-02 1.409278e-06 347.76276302337646 21950.24195766449
64 3.712909e-02 1.690557e-02 0.000000e+00 2.022352e-02 1.271890e-06 347.681565284729 22297.978727817535
65 3.705516e-02 1.683196e-02 0.000000e+00 2.022320e-02 1.090509e-06 349.5936710834503 22647.630800247192
66 3.694968e-02 1.672679e-02 0.000000e+00 2.022290e-02 9.841976e-07 347.58872866630554 22995.26874423027
67 3.693007e-02 1.670748e-02 0.000000e+00 2.022259e-02 8.882503e-07 346.22921562194824 23341.553785562515
68 3.677347e-02 1.655115e-02 0.000000e+00 2.022232e-02 8.016567e-07 348.3072521686554 23689.913760900497
69 3.669510e-02 1.647301e-02 0.000000e+00 2.022208e-02 7.235050e-07 348.15677285194397 24038.12294268608
70 3.660727e-02 1.638518e-02 0.000000e+00 2.022209e-02 6.529720e-07 349.9073100090027 24388.088831186295
71 3.649215e-02 1.627025e-02 0.000000e+00 2.022190e-02 5.893152e-07 351.5622067451477 24739.70183110237
72 3.645439e-02 1.623267e-02 0.000000e+00 2.022172e-02 5.318642e-07 347.08678913116455 25086.850736141205
73 3.638941e-02 1.616779e-02 0.000000e+00 2.022162e-02 4.800139e-07 348.849089384079 25435.75922513008
74 3.629276e-02 1.607132e-02 0.000000e+00 2.022143e-02 4.332184e-07 351.7651138305664 25787.573772192
75 3.626876e-02 1.604739e-02 0.000000e+00 2.022137e-02 3.909849e-07 345.48571372032166 26133.116062164307
76 3.618876e-02 1.596737e-02 0.000000e+00 2.022139e-02 3.528686e-07 346.10318875312805 26479.27540588379
77 3.616418e-02 1.594300e-02 0.000000e+00 2.022119e-02 3.184682e-07 345.5119285583496 26824.845843315125
78 3.613728e-02 1.591625e-02 0.000000e+00 2.022103e-02 2.874214e-07 343.81858563423157 27168.723494291306
79 3.610193e-02 1.588079e-02 0.000000e+00 2.022114e-02 2.594013e-07 347.31839537620544 27516.10392189026
80 3.605125e-02 1.583036e-02 0.000000e+00 2.022090e-02 2.341129e-07 349.0033483505249 27865.163736343384
81 3.605234e-02 1.583134e-02 0.000000e+00 2.022100e-02 2.112897e-07 348.8670172691345 28214.079877614975
82 3.600995e-02 1.578890e-02 0.000000e+00 2.022104e-02 1.906915e-07 347.12296199798584 28561.247455835342
83 3.601316e-02 1.579234e-02 0.000000e+00 2.022082e-02 1.721014e-07 349.011376619339 28910.314396381378
84 3.597409e-02 1.575311e-02 0.000000e+00 2.022098e-02 1.553236e-07 346.14541578292847 29256.51078057289
85 3.595718e-02 1.573633e-02 0.000000e+00 2.022086e-02 1.401815e-07 349.84134793281555 29606.422050237656
86 3.593903e-02 1.571818e-02 0.000000e+00 2.022085e-02 1.201905e-07 343.42496824264526 29949.900151729584
87 3.595251e-02 1.573176e-02 0.000000e+00 2.022076e-02 1.084734e-07 348.7549922466278 30298.70862054825
88 3.591639e-02 1.569550e-02 0.000000e+00 2.022089e-02 9.789858e-08 342.07867884635925 30640.85010790825
89 3.590050e-02 1.567971e-02 0.000000e+00 2.022079e-02 8.835466e-08 348.5376408100128 30989.444311857224
90 3.589563e-02 1.567491e-02 0.000000e+00 2.022072e-02 7.974116e-08 347.5011577606201 31337.00196003914
91 3.588795e-02 1.566704e-02 0.000000e+00 2.022091e-02 7.196737e-08 349.106920003891 31686.169880628586
92 3.587947e-02 1.565873e-02 0.000000e+00 2.022074e-02 6.495143e-08 352.6041193008423 32038.82883119583
93 3.586290e-02 1.564220e-02 0.000000e+00 2.022070e-02 5.861945e-08 345.97656536102295 32384.857533454895
94 3.585966e-02 1.563893e-02 0.000000e+00 2.022073e-02 5.290477e-08 349.01528906822205 32733.92955803871
95 3.584895e-02 1.562813e-02 0.000000e+00 2.022082e-02 4.774720e-08 352.3588991165161 33086.344603061676
96 3.584312e-02 1.562239e-02 0.000000e+00 2.022073e-02 4.309243e-08 350.5916621685028 33436.995635032654
97 3.583445e-02 1.561375e-02 0.000000e+00 2.022070e-02 3.889144e-08 343.22815346717834 33780.28022694588
98 3.583814e-02 1.561736e-02 0.000000e+00 2.022078e-02 3.510000e-08 346.71801590919495 34127.05438256264
99 3.583265e-02 1.561194e-02 0.000000e+00 2.022070e-02 3.167818e-08 345.7386758327484 34472.84168744087
