epoch	 loss	 RMSE_Etot	 RMSE_Ei	 RMSE_F	 real_lr	 epoch_time	 wall_time
1 1.679220e+01 1.642584e+01 0.000000e+00 3.663548e-01 1.000000e-03 46.994303464889526 47.00756621360779
2 2.912202e+00 2.776913e+00 0.000000e+00 1.352889e-01 9.500064e-04 31.641854524612427 78.78113174438477
3 2.457596e+00 2.329366e+00 0.000000e+00 1.282307e-01 9.500064e-04 31.706963777542114 110.52977871894836
4 2.313423e+00 2.192560e+00 0.000000e+00 1.208628e-01 9.500064e-04 31.595033645629883 142.1673448085785
5 1.997362e+00 1.883215e+00 0.000000e+00 1.141464e-01 9.500064e-04 31.806238174438477 174.0180947780609
6 1.919910e+00 1.810560e+00 0.000000e+00 1.093500e-01 9.500064e-04 31.718169689178467 205.7782745361328
7 1.778333e+00 1.675551e+00 0.000000e+00 1.027811e-01 9.500064e-04 32.05399227142334 237.87424421310425
8 3.275667e+00 3.175435e+00 0.000000e+00 1.002327e-01 9.500064e-04 32.128984212875366 270.046936750412
9 2.191347e+00 2.096032e+00 0.000000e+00 9.531497e-02 9.500064e-04 32.01129102706909 302.08562779426575
10 2.201691e+00 2.110283e+00 0.000000e+00 9.140742e-02 9.500064e-04 31.484621047973633 333.6019778251648
11 2.094671e+00 2.005469e+00 0.000000e+00 8.920223e-02 9.500064e-04 32.15973091125488 365.79025292396545
12 2.520690e+00 2.431704e+00 0.000000e+00 8.898564e-02 9.500064e-04 32.457035303115845 398.27904653549194
13 1.828962e+00 1.742947e+00 0.000000e+00 8.601568e-02 9.500064e-04 32.05369448661804 430.3612153530121
14 2.065169e+00 1.980132e+00 0.000000e+00 8.503683e-02 9.500064e-04 32.11393713951111 462.5078089237213
15 2.158145e+00 2.073591e+00 0.000000e+00 8.455423e-02 9.500064e-04 31.57584500312805 494.1141505241394
16 2.264808e+00 2.181484e+00 0.000000e+00 8.332367e-02 9.500064e-04 31.42627477645874 525.5682084560394
17 2.113545e+00 2.030944e+00 0.000000e+00 8.260071e-02 9.500064e-04 31.569466829299927 557.1651289463043
18 2.503606e+00 2.421071e+00 0.000000e+00 8.253499e-02 9.500064e-04 31.706672191619873 588.9024076461792
19 2.087464e+00 2.005861e+00 0.000000e+00 8.160285e-02 9.500064e-04 31.518274784088135 620.4528203010559
20 2.029998e+00 1.949076e+00 0.000000e+00 8.092196e-02 9.500064e-04 31.65679955482483 652.1432693004608
21 1.816417e+00 1.737016e+00 0.000000e+00 7.940061e-02 9.025122e-04 31.373515605926514 683.5486710071564
22 1.922635e+00 1.843376e+00 0.000000e+00 7.925933e-02 9.025122e-04 32.63557457923889 716.2178182601929
23 1.947061e+00 1.866761e+00 0.000000e+00 8.030040e-02 9.025122e-04 33.040255308151245 749.2891385555267
24 1.935142e+00 1.856714e+00 0.000000e+00 7.842746e-02 9.025122e-04 35.60723543167114 784.9287145137787
25 1.855116e+00 1.777328e+00 0.000000e+00 7.778777e-02 9.025122e-04 36.965810775756836 821.9303464889526
26 1.900645e+00 1.822795e+00 0.000000e+00 7.785055e-02 9.025122e-04 33.01174807548523 854.980651140213
27 1.819113e+00 1.741812e+00 0.000000e+00 7.730101e-02 9.025122e-04 32.763782024383545 887.7751207351685
28 1.842989e+00 1.766312e+00 0.000000e+00 7.667707e-02 9.025122e-04 32.80016303062439 920.6094422340393
29 1.978344e+00 1.901419e+00 0.000000e+00 7.692461e-02 9.025122e-04 32.794291496276855 953.4387347698212
30 1.571972e+00 1.495776e+00 0.000000e+00 7.619529e-02 9.025122e-04 32.90344834327698 986.3753609657288
31 1.539652e+00 1.464107e+00 0.000000e+00 7.554457e-02 9.025122e-04 33.03739881515503 1019.4571402072906
32 1.347583e+00 1.271226e+00 0.000000e+00 7.635740e-02 9.025122e-04 32.73866629600525 1052.2421143054962
33 1.412224e+00 1.337645e+00 0.000000e+00 7.457856e-02 9.025122e-04 33.62398719787598 1085.910320520401
34 2.057115e+00 1.982770e+00 0.000000e+00 7.434463e-02 9.025122e-04 32.569092750549316 1118.5043320655823
35 1.610558e+00 1.536882e+00 0.000000e+00 7.367631e-02 9.025122e-04 33.360472440719604 1151.901849746704
36 1.404282e+00 1.331112e+00 0.000000e+00 7.316956e-02 9.025122e-04 32.40461826324463 1184.3384447097778
37 1.464330e+00 1.391567e+00 0.000000e+00 7.276316e-02 9.025122e-04 32.62651228904724 1216.9972455501556
38 1.526166e+00 1.453304e+00 0.000000e+00 7.286192e-02 9.025122e-04 31.543946027755737 1248.576744556427
39 1.102049e+00 1.030087e+00 0.000000e+00 7.196211e-02 9.025122e-04 31.772257566452026 1280.3826608657837
40 1.474647e+00 1.402913e+00 0.000000e+00 7.173376e-02 9.025122e-04 31.45923089981079 1311.9053626060486
41 1.301660e+00 1.230428e+00 0.000000e+00 7.123149e-02 8.573924e-04 31.467665195465088 1343.4071605205536
42 1.356622e+00 1.285280e+00 0.000000e+00 7.134151e-02 8.573924e-04 32.29950833320618 1375.74001288414
43 1.574629e+00 1.503530e+00 0.000000e+00 7.109933e-02 8.573924e-04 31.55940818786621 1407.3358941078186
44 1.536737e+00 1.466744e+00 0.000000e+00 6.999262e-02 8.573924e-04 32.257091999053955 1439.6200082302094
45 1.402874e+00 1.332409e+00 0.000000e+00 7.046510e-02 8.573924e-04 32.68349647521973 1472.336847782135
46 1.704693e+00 1.634975e+00 0.000000e+00 6.971799e-02 8.573924e-04 33.00948762893677 1505.3781838417053
47 1.599124e+00 1.529291e+00 0.000000e+00 6.983313e-02 8.573924e-04 32.947354555130005 1538.3589506149292
48 1.385794e+00 1.316060e+00 0.000000e+00 6.973453e-02 8.573924e-04 33.08536386489868 1571.480004310608
49 1.345613e+00 1.276352e+00 0.000000e+00 6.926125e-02 8.573924e-04 31.95085310935974 1603.4620444774628
50 1.823854e+00 1.754742e+00 0.000000e+00 6.911216e-02 8.573924e-04 31.421064138412476 1634.9161067008972
51 1.534378e+00 1.465799e+00 0.000000e+00 6.857898e-02 8.573924e-04 32.32829999923706 1667.2819769382477
52 1.687908e+00 1.619526e+00 0.000000e+00 6.838180e-02 8.573924e-04 32.69218683242798 1700.0082352161407
53 1.518634e+00 1.450187e+00 0.000000e+00 6.844671e-02 8.573924e-04 31.829610347747803 1731.8714156150818
54 1.217898e+00 1.149226e+00 0.000000e+00 6.867223e-02 8.573924e-04 31.53097105026245 1763.4373905658722
55 1.451161e+00 1.382892e+00 0.000000e+00 6.826965e-02 8.573924e-04 32.685824155807495 1796.1554090976715
56 1.398340e+00 1.330675e+00 0.000000e+00 6.766493e-02 8.573924e-04 32.209296226501465 1828.3991796970367
57 1.315618e+00 1.248262e+00 0.000000e+00 6.735661e-02 8.573924e-04 33.13690161705017 1861.5695397853851
58 2.435187e+00 2.367180e+00 0.000000e+00 6.800684e-02 8.573924e-04 33.37614393234253 1894.9794144630432
59 1.534456e+00 1.467670e+00 0.000000e+00 6.678590e-02 8.573924e-04 32.69645810127258 1927.708293914795
60 1.364240e+00 1.297281e+00 0.000000e+00 6.695909e-02 8.145282e-04 33.34931921958923 1961.0917015075684
61 1.047655e+00 9.806110e-01 0.000000e+00 6.704405e-02 8.145282e-04 33.174713134765625 1994.2978320121765
62 1.866214e+00 1.799515e+00 0.000000e+00 6.669957e-02 8.145282e-04 33.32594156265259 2027.6676197052002
63 1.415901e+00 1.349213e+00 0.000000e+00 6.668813e-02 8.145282e-04 32.26345348358154 2059.9656505584717
64 1.335627e+00 1.269115e+00 0.000000e+00 6.651225e-02 8.145282e-04 33.61736726760864 2093.618770837784
65 1.229090e+00 1.162488e+00 0.000000e+00 6.660229e-02 8.145282e-04 33.263731479644775 2126.9115238189697
66 1.285716e+00 1.219446e+00 0.000000e+00 6.627008e-02 8.145282e-04 32.7156081199646 2159.659741163254
67 1.113996e+00 1.048022e+00 0.000000e+00 6.597446e-02 8.145282e-04 33.37410068511963 2193.0675411224365
68 1.187705e+00 1.121531e+00 0.000000e+00 6.617441e-02 8.145282e-04 32.96660304069519 2226.0685505867004
69 1.229692e+00 1.163966e+00 0.000000e+00 6.572576e-02 8.145282e-04 33.312936305999756 2259.41179394722
70 1.418392e+00 1.352944e+00 0.000000e+00 6.544800e-02 8.145282e-04 33.02305054664612 2292.4691767692566
71 1.027230e+00 9.620695e-01 0.000000e+00 6.516030e-02 8.145282e-04 33.11628746986389 2325.612454891205
72 1.514145e+00 1.449114e+00 0.000000e+00 6.503148e-02 8.145282e-04 32.86269974708557 2358.521559238434
73 1.427524e+00 1.362558e+00 0.000000e+00 6.496639e-02 8.145282e-04 32.59252858161926 2391.1465713977814
74 1.043948e+00 9.792701e-01 0.000000e+00 6.467788e-02 8.145282e-04 32.87792992591858 2424.058591604233
75 1.282017e+00 1.217511e+00 0.000000e+00 6.450658e-02 8.145282e-04 32.99516940116882 2457.085700273514
76 1.087313e+00 1.023540e+00 0.000000e+00 6.377322e-02 8.145282e-04 33.24228572845459 2490.362810611725
77 1.262332e+00 1.198259e+00 0.000000e+00 6.407316e-02 8.145282e-04 32.63237476348877 2523.0265834331512
78 9.953492e-01 9.310321e-01 0.000000e+00 6.431710e-02 8.145282e-04 32.78581762313843 2555.843451023102
79 9.888077e-01 9.252009e-01 0.000000e+00 6.360681e-02 8.145282e-04 32.189576148986816 2588.078289270401
80 1.049092e+00 9.854387e-01 0.000000e+00 6.365366e-02 7.738070e-04 33.60686945915222 2621.7287681102753
81 1.064546e+00 1.001219e+00 0.000000e+00 6.332683e-02 7.738070e-04 32.37449860572815 2654.137623310089
82 1.147380e+00 1.083680e+00 0.000000e+00 6.370012e-02 7.738070e-04 32.56882834434509 2686.7377083301544
83 1.067281e+00 1.004356e+00 0.000000e+00 6.292463e-02 7.738070e-04 32.77850103378296 2719.551493883133
84 1.151207e+00 1.088302e+00 0.000000e+00 6.290548e-02 7.738070e-04 33.572649002075195 2753.1576142311096
85 9.822125e-01 9.195409e-01 0.000000e+00 6.267164e-02 7.738070e-04 33.12921094894409 2786.323501586914
86 1.030037e+00 9.672490e-01 0.000000e+00 6.278769e-02 7.738070e-04 32.2590811252594 2818.626019716263
87 8.511256e-01 7.886774e-01 0.000000e+00 6.244821e-02 7.738070e-04 31.46772027015686 2850.125173330307
88 1.010505e+00 9.483939e-01 0.000000e+00 6.211087e-02 7.738070e-04 31.664958715438843 2881.833370447159
89 9.524077e-01 8.904402e-01 0.000000e+00 6.196751e-02 7.738070e-04 31.607479333877563 2913.4677441120148
90 1.005703e+00 9.437126e-01 0.000000e+00 6.199090e-02 7.738070e-04 31.74775528907776 2945.2496423721313
91 9.011124e-01 8.394196e-01 0.000000e+00 6.169283e-02 7.738070e-04 31.753177165985107 2977.029862165451
92 9.160398e-01 8.546825e-01 0.000000e+00 6.135733e-02 7.738070e-04 31.566878080368042 3008.633054494858
93 9.189283e-01 8.574133e-01 0.000000e+00 6.151500e-02 7.738070e-04 31.862612009048462 3040.5265860557556
94 1.122090e+00 1.060589e+00 0.000000e+00 6.150091e-02 7.738070e-04 31.43268322944641 3071.986325979233
95 9.943723e-01 9.333741e-01 0.000000e+00 6.099816e-02 7.738070e-04 31.53355073928833 3103.5469257831573
96 9.164104e-01 8.556002e-01 0.000000e+00 6.081022e-02 7.738070e-04 31.98864769935608 3135.5699009895325
97 8.669428e-01 8.061268e-01 0.000000e+00 6.081599e-02 7.738070e-04 31.60186505317688 3167.1982550621033
98 1.110937e+00 1.050035e+00 0.000000e+00 6.090144e-02 7.738070e-04 32.236687660217285 3199.4662470817566
99 1.237408e+00 1.176789e+00 0.000000e+00 6.061897e-02 7.351217e-04 32.6859655380249 3232.185182094574
100 9.569522e-01 8.967280e-01 0.000000e+00 6.022426e-02 7.351217e-04 32.389201402664185 3264.610164642334
101 9.673240e-01 9.068139e-01 0.000000e+00 6.051010e-02 7.351217e-04 33.195525884628296 3297.8379049301147
102 1.026099e+00 9.658486e-01 0.000000e+00 6.025093e-02 7.351217e-04 33.43682646751404 3331.307959318161
103 9.304415e-01 8.707306e-01 0.000000e+00 5.971086e-02 7.351217e-04 32.42883491516113 3363.76327586174
104 1.131317e+00 1.070973e+00 0.000000e+00 6.034426e-02 7.351217e-04 33.13919806480408 3396.935655593872
105 7.770824e-01 7.175146e-01 0.000000e+00 5.956778e-02 7.351217e-04 32.2699453830719 3429.2380690574646
106 8.659201e-01 8.067008e-01 0.000000e+00 5.921933e-02 7.351217e-04 32.9732871055603 3462.256604194641
107 1.108990e+00 1.049440e+00 0.000000e+00 5.955044e-02 7.351217e-04 31.677329778671265 3493.965072631836
108 1.134142e+00 1.074750e+00 0.000000e+00 5.939213e-02 7.351217e-04 32.057055950164795 3526.0537552833557
109 1.002498e+00 9.433832e-01 0.000000e+00 5.911507e-02 7.351217e-04 31.78622603416443 3557.868091583252
110 1.038408e+00 9.796083e-01 0.000000e+00 5.879939e-02 7.351217e-04 32.09803080558777 3589.9988930225372
111 1.013794e+00 9.547190e-01 0.000000e+00 5.907517e-02 7.351217e-04 32.066362619400024 3622.097345352173
112 1.082416e+00 1.023575e+00 0.000000e+00 5.884104e-02 7.351217e-04 31.604546070098877 3653.728832244873
113 9.599363e-01 9.010716e-01 0.000000e+00 5.886472e-02 7.351217e-04 31.934819221496582 3685.699700832367
114 9.045337e-01 8.462785e-01 0.000000e+00 5.825527e-02 7.351217e-04 32.41419959068298 3718.1484649181366
115 8.804380e-01 8.219956e-01 0.000000e+00 5.844241e-02 7.351217e-04 32.38514280319214 3750.5684463977814
116 1.030639e+00 9.723531e-01 0.000000e+00 5.828619e-02 7.351217e-04 32.135287046432495 3782.7345678806305
117 9.291382e-01 8.706562e-01 0.000000e+00 5.848199e-02 7.351217e-04 32.047725439071655 3814.8175814151764
118 9.335454e-01 8.754195e-01 0.000000e+00 5.812592e-02 7.351217e-04 31.391562700271606 3846.236964225769
119 1.003072e+00 9.450510e-01 0.000000e+00 5.802119e-02 6.983703e-04 31.65705943107605 3877.925443172455
120 1.187750e+00 1.129537e+00 0.000000e+00 5.821325e-02 6.983703e-04 31.887007236480713 3909.8408551216125
121 9.460323e-01 8.882621e-01 0.000000e+00 5.777022e-02 6.983703e-04 31.959848642349243 3941.831813812256
122 9.230461e-01 8.647706e-01 0.000000e+00 5.827557e-02 6.983703e-04 32.83100938796997 3974.6930305957794
123 8.841860e-01 8.265682e-01 0.000000e+00 5.761786e-02 6.983703e-04 31.348920583724976 4006.0781631469727
124 9.051145e-01 8.474623e-01 0.000000e+00 5.765222e-02 6.983703e-04 31.592883110046387 4037.7021090984344
125 1.030415e+00 9.728293e-01 0.000000e+00 5.758527e-02 6.983703e-04 31.82626962661743 4069.5606331825256
126 1.354079e+00 1.296638e+00 0.000000e+00 5.744059e-02 6.983703e-04 31.88171362876892 4101.475690603256
127 9.702959e-01 9.128252e-01 0.000000e+00 5.747072e-02 6.983703e-04 32.29748797416687 4133.804534196854
128 8.094714e-01 7.523585e-01 0.000000e+00 5.711293e-02 6.983703e-04 32.28894066810608 4166.120819330215
129 9.595656e-01 9.020619e-01 0.000000e+00 5.750367e-02 6.983703e-04 32.92183828353882 4199.075079917908
130 9.636969e-01 9.061528e-01 0.000000e+00 5.754411e-02 6.983703e-04 32.981353521347046 4232.09028673172
131 9.023284e-01 8.454663e-01 0.000000e+00 5.686213e-02 6.983703e-04 32.71801447868347 4264.838994026184
132 9.635501e-01 9.064599e-01 0.000000e+00 5.709018e-02 6.983703e-04 33.65363788604736 4298.527533054352
133 9.598413e-01 9.028838e-01 0.000000e+00 5.695746e-02 6.983703e-04 33.168562173843384 4331.7279987335205
134 1.059729e+00 1.002881e+00 0.000000e+00 5.684852e-02 6.983703e-04 33.220192432403564 4364.981551647186
135 9.252774e-01 8.685091e-01 0.000000e+00 5.676837e-02 6.983703e-04 32.21620988845825 4397.232543706894
136 7.768539e-01 7.199735e-01 0.000000e+00 5.688039e-02 6.983703e-04 32.999897956848145 4430.264039754868
137 7.873619e-01 7.307011e-01 0.000000e+00 5.666078e-02 6.983703e-04 31.862830638885498 4462.239842414856
138 7.122277e-01 6.556506e-01 0.000000e+00 5.657703e-02 6.634562e-04 32.33718752861023 4494.607750415802
139 8.494602e-01 7.927379e-01 0.000000e+00 5.672234e-02 6.634562e-04 33.53490877151489 4528.190175771713
140 7.871133e-01 7.307006e-01 0.000000e+00 5.641270e-02 6.634562e-04 32.65147662162781 4560.868347406387
141 8.278861e-01 7.711996e-01 0.000000e+00 5.668649e-02 6.634562e-04 32.81227111816406 4593.711532115936
142 8.261719e-01 7.697315e-01 0.000000e+00 5.644042e-02 6.634562e-04 32.62381410598755 4626.362994194031
143 9.257706e-01 8.692992e-01 0.000000e+00 5.647140e-02 6.634562e-04 32.93175268173218 4659.330471038818
144 9.688943e-01 9.127242e-01 0.000000e+00 5.617006e-02 6.634562e-04 31.892395734786987 4691.2539319992065
145 8.123599e-01 7.560262e-01 0.000000e+00 5.633370e-02 6.634562e-04 32.554903745651245 4723.837185144424
146 7.692153e-01 7.132669e-01 0.000000e+00 5.594834e-02 6.634562e-04 32.36774826049805 4756.241533756256
147 7.617484e-01 7.055146e-01 0.000000e+00 5.623377e-02 6.634562e-04 32.32379746437073 4788.598606348038
148 8.594062e-01 8.033969e-01 0.000000e+00 5.600925e-02 6.634562e-04 32.25699067115784 4820.887252569199
149 7.523050e-01 6.964078e-01 0.000000e+00 5.589724e-02 6.634562e-04 33.14632987976074 4854.065904378891
150 1.030813e+00 9.748036e-01 0.000000e+00 5.600912e-02 6.634562e-04 32.551392555236816 4886.64959192276
151 9.264590e-01 8.706410e-01 0.000000e+00 5.581793e-02 6.634562e-04 32.49224519729614 4919.176008224487
152 8.350312e-01 7.791943e-01 0.000000e+00 5.583694e-02 6.634562e-04 32.55585980415344 4951.7662744522095
153 7.832891e-01 7.275271e-01 0.000000e+00 5.576204e-02 6.634562e-04 32.85977482795715 4984.658571720123
154 8.024403e-01 7.467876e-01 0.000000e+00 5.565274e-02 6.634562e-04 33.20845675468445 5017.899071931839
155 7.778361e-01 7.223227e-01 0.000000e+00 5.551339e-02 6.634562e-04 32.04499793052673 5050.024898767471
156 6.961540e-01 6.407407e-01 0.000000e+00 5.541329e-02 6.634562e-04 32.55980134010315 5082.617889642715
157 8.808655e-01 8.252677e-01 0.000000e+00 5.559782e-02 6.634562e-04 33.45091462135315 5116.114808559418
158 6.834437e-01 6.278279e-01 0.000000e+00 5.561573e-02 6.302877e-04 33.07050347328186 5149.216416358948
159 6.171911e-01 5.619384e-01 0.000000e+00 5.525264e-02 6.302877e-04 33.206921339035034 5182.479191303253
160 8.216562e-01 7.663977e-01 0.000000e+00 5.525843e-02 6.302877e-04 32.717427253723145 5215.24170923233
161 7.113594e-01 6.560253e-01 0.000000e+00 5.533406e-02 6.302877e-04 32.9921715259552 5248.262138366699
162 6.564579e-01 6.011997e-01 0.000000e+00 5.525820e-02 6.302877e-04 33.575927734375 5281.8720853328705
163 7.657674e-01 7.105107e-01 0.000000e+00 5.525665e-02 6.302877e-04 32.76501131057739 5314.671226739883
164 7.060121e-01 6.509702e-01 0.000000e+00 5.504195e-02 6.302877e-04 31.65938901901245 5346.362373590469
165 6.193985e-01 5.643790e-01 0.000000e+00 5.501955e-02 6.302877e-04 31.59547209739685 5377.992732286453
166 7.610336e-01 7.059368e-01 0.000000e+00 5.509684e-02 6.302877e-04 31.915526151657104 5409.939399242401
167 6.943275e-01 6.394418e-01 0.000000e+00 5.488570e-02 6.302877e-04 31.377411127090454 5441.349139690399
168 7.068992e-01 6.520193e-01 0.000000e+00 5.487994e-02 6.302877e-04 32.20779633522034 5473.586633682251
169 8.326225e-01 7.779660e-01 0.000000e+00 5.465652e-02 6.302877e-04 32.16032791137695 5505.7824165821075
170 6.404069e-01 5.854818e-01 0.000000e+00 5.492506e-02 6.302877e-04 32.31459927558899 5538.131616353989
171 7.272074e-01 6.723793e-01 0.000000e+00 5.482816e-02 6.302877e-04 32.21258473396301 5570.377107143402
172 7.927448e-01 7.378709e-01 0.000000e+00 5.487392e-02 6.302877e-04 33.81975340843201 5604.22986125946
173 6.565344e-01 6.022032e-01 0.000000e+00 5.433117e-02 6.302877e-04 32.7469048500061 5637.010382413864
174 7.232576e-01 6.683940e-01 0.000000e+00 5.486365e-02 6.302877e-04 32.91552519798279 5669.962115764618
175 6.433994e-01 5.888269e-01 0.000000e+00 5.457248e-02 6.302877e-04 33.12934708595276 5703.123403787613
176 7.362113e-01 6.818940e-01 0.000000e+00 5.431725e-02 6.302877e-04 32.8817925453186 5736.038152694702
177 5.902140e-01 5.358779e-01 0.000000e+00 5.433614e-02 5.987773e-04 32.49036908149719 5768.562523126602
178 7.282312e-01 6.738089e-01 0.000000e+00 5.442224e-02 5.987773e-04 32.53205990791321 5801.1374633312225
179 5.412135e-01 4.869297e-01 0.000000e+00 5.428385e-02 5.987773e-04 33.00924205780029 5834.179133653641
180 7.540985e-01 6.998365e-01 0.000000e+00 5.426195e-02 5.987773e-04 33.59358739852905 5867.816983222961
181 6.742443e-01 6.200617e-01 0.000000e+00 5.418258e-02 5.987773e-04 32.359458208084106 5900.2107191085815
182 6.306573e-01 5.764714e-01 0.000000e+00 5.418589e-02 5.987773e-04 32.889137983322144 5933.135840892792
183 6.665788e-01 6.125937e-01 0.000000e+00 5.398505e-02 5.987773e-04 31.409656763076782 5964.573472738266
184 7.513940e-01 6.974260e-01 0.000000e+00 5.396795e-02 5.987773e-04 31.80832862854004 5996.4136095047
185 6.489513e-01 5.950267e-01 0.000000e+00 5.392455e-02 5.987773e-04 31.825398921966553 6028.269160985947
186 6.902156e-01 6.362000e-01 0.000000e+00 5.401555e-02 5.987773e-04 31.774090051651 6060.075829744339
187 6.442535e-01 5.905312e-01 0.000000e+00 5.372230e-02 5.987773e-04 31.619112253189087 6091.726742267609
188 6.500423e-01 5.960855e-01 0.000000e+00 5.395674e-02 5.987773e-04 31.76005744934082 6123.51776599884
189 6.527289e-01 5.989460e-01 0.000000e+00 5.378290e-02 5.987773e-04 31.66488265991211 6155.214644670486
190 7.590902e-01 7.051300e-01 0.000000e+00 5.396025e-02 5.987773e-04 31.719857931137085 6186.969000816345
191 6.466881e-01 5.931311e-01 0.000000e+00 5.355698e-02 5.987773e-04 31.684900999069214 6218.685760736465
192 6.914168e-01 6.377016e-01 0.000000e+00 5.371518e-02 5.987773e-04 31.454051971435547 6250.171444177628
193 5.902240e-01 5.365675e-01 0.000000e+00 5.365641e-02 5.987773e-04 32.09251093864441 6282.296331644058
194 6.691755e-01 6.157870e-01 0.000000e+00 5.338852e-02 5.987773e-04 31.508261919021606 6313.835885286331
195 6.511292e-01 5.976124e-01 0.000000e+00 5.351680e-02 5.987773e-04 31.756767749786377 6345.624222278595
196 5.963141e-01 5.428799e-01 0.000000e+00 5.343420e-02 5.987773e-04 31.36138153076172 6377.016928195953
197 5.798957e-01 5.264245e-01 0.000000e+00 5.347115e-02 5.688423e-04 31.10694932937622 6408.155441761017
198 6.192825e-01 5.659873e-01 0.000000e+00 5.329523e-02 5.688423e-04 31.444655179977417 6439.633229017258
199 7.287384e-01 6.753318e-01 0.000000e+00 5.340660e-02 5.688423e-04 31.910162925720215 6471.575077056885
200 6.455288e-01 5.920541e-01 0.000000e+00 5.347472e-02 5.688423e-04 32.255804777145386 6503.861499547958
201 6.319953e-01 5.788324e-01 0.000000e+00 5.316294e-02 5.688423e-04 31.965643644332886 6535.859179735184
202 6.847753e-01 6.315038e-01 0.000000e+00 5.327152e-02 5.688423e-04 31.995532512664795 6567.886966705322
203 5.634080e-01 5.103646e-01 0.000000e+00 5.304339e-02 5.688423e-04 31.837214469909668 6599.757753372192
204 6.838684e-01 6.305879e-01 0.000000e+00 5.328046e-02 5.688423e-04 31.22980284690857 6631.019756793976
205 6.739118e-01 6.206690e-01 0.000000e+00 5.324282e-02 5.688423e-04 32.27263331413269 6663.324805498123
206 6.415321e-01 5.885656e-01 0.000000e+00 5.296644e-02 5.688423e-04 31.738802671432495 6695.09733247757
207 6.394786e-01 5.865032e-01 0.000000e+00 5.297533e-02 5.688423e-04 31.90833568572998 6727.039391517639
208 6.540264e-01 6.011656e-01 0.000000e+00 5.286082e-02 5.688423e-04 31.753133058547974 6758.827575922012
209 5.934168e-01 5.405154e-01 0.000000e+00 5.290139e-02 5.688423e-04 31.589997053146362 6790.4489839077
210 5.525570e-01 4.998489e-01 0.000000e+00 5.270820e-02 5.688423e-04 32.26080822944641 6822.7432513237
211 6.343038e-01 5.814518e-01 0.000000e+00 5.285199e-02 5.688423e-04 32.569802045822144 6855.347298145294
212 6.270329e-01 5.743965e-01 0.000000e+00 5.263636e-02 5.688423e-04 32.60693168640137 6887.989153623581
213 7.247718e-01 6.721740e-01 0.000000e+00 5.259787e-02 5.688423e-04 32.37420296669006 6920.3972017765045
214 8.045559e-01 7.519344e-01 0.000000e+00 5.262157e-02 5.688423e-04 31.662210702896118 6952.091021537781
215 6.491075e-01 5.964344e-01 0.000000e+00 5.267314e-02 5.688423e-04 31.171754360198975 6983.290095567703
216 6.303940e-01 5.776493e-01 0.000000e+00 5.274464e-02 5.404038e-04 31.643269777297974 7014.969898700714
217 5.843774e-01 5.319341e-01 0.000000e+00 5.244327e-02 5.404038e-04 31.843899965286255 7046.84566283226
218 6.775598e-01 6.251109e-01 0.000000e+00 5.244889e-02 5.404038e-04 31.957722663879395 7078.83819937706
219 7.267555e-01 6.743529e-01 0.000000e+00 5.240262e-02 5.404038e-04 32.51226830482483 7111.386662244797
220 6.537086e-01 6.013091e-01 0.000000e+00 5.239951e-02 5.404038e-04 32.47206354141235 7143.891094207764
221 6.484161e-01 5.960571e-01 0.000000e+00 5.235895e-02 5.404038e-04 32.35195708274841 7176.2789096832275
222 6.404611e-01 5.881422e-01 0.000000e+00 5.231894e-02 5.404038e-04 31.713958740234375 7208.028203248978
223 6.313428e-01 5.791463e-01 0.000000e+00 5.219651e-02 5.404038e-04 31.482937812805176 7239.5453407764435
224 5.813023e-01 5.290678e-01 0.000000e+00 5.223446e-02 5.404038e-04 31.85612988471985 7271.436271190643
225 6.239178e-01 5.718727e-01 0.000000e+00 5.204515e-02 5.404038e-04 31.91593074798584 7303.3839683532715
226 6.934599e-01 6.413000e-01 0.000000e+00 5.215986e-02 5.404038e-04 31.928214073181152 7335.345453977585
227 5.095595e-01 4.573918e-01 0.000000e+00 5.216769e-02 5.404038e-04 31.79987668991089 7367.17599606514
228 6.995782e-01 6.476029e-01 0.000000e+00 5.197525e-02 5.404038e-04 32.48978638648987 7399.747967720032
229 5.652111e-01 5.131278e-01 0.000000e+00 5.208325e-02 5.404038e-04 32.669013261795044 7432.4489731788635
230 6.043691e-01 5.521620e-01 0.000000e+00 5.220711e-02 5.404038e-04 33.128666639328 7465.6113023757935
231 6.620988e-01 6.100240e-01 0.000000e+00 5.207480e-02 5.404038e-04 33.25180625915527 7498.89834022522
232 5.865239e-01 5.348126e-01 0.000000e+00 5.171134e-02 5.404038e-04 33.309734582901 7532.241801738739
233 6.590149e-01 6.072270e-01 0.000000e+00 5.178795e-02 5.404038e-04 32.77413988113403 7565.049124240875
234 6.707287e-01 6.188256e-01 0.000000e+00 5.190313e-02 5.404038e-04 33.10996866226196 7598.235939741135
235 5.895900e-01 5.376892e-01 0.000000e+00 5.190088e-02 5.133871e-04 33.051220178604126 7631.320084095001
236 7.634221e-01 7.116124e-01 0.000000e+00 5.180973e-02 5.133871e-04 32.86423850059509 7664.218086719513
237 5.331489e-01 4.813595e-01 0.000000e+00 5.178935e-02 5.133871e-04 31.931458711624146 7696.181124925613
238 5.210004e-01 4.693348e-01 0.000000e+00 5.166564e-02 5.133871e-04 31.67687487602234 7727.889409065247
239 5.062841e-01 4.545198e-01 0.000000e+00 5.176426e-02 5.133871e-04 31.613126516342163 7759.537357091904
240 6.600316e-01 6.082531e-01 0.000000e+00 5.177856e-02 5.133871e-04 31.65652370452881 7791.236649990082
241 6.849839e-01 6.334561e-01 0.000000e+00 5.152784e-02 5.133871e-04 31.94200038909912 7823.21076130867
242 6.478394e-01 5.960206e-01 0.000000e+00 5.181882e-02 5.133871e-04 31.931699991226196 7855.1740798950195
243 6.825638e-01 6.309489e-01 0.000000e+00 5.161495e-02 5.133871e-04 31.626734972000122 7886.83628988266
244 7.443996e-01 6.929300e-01 0.000000e+00 5.146957e-02 5.133871e-04 31.475799798965454 7918.347664117813
245 5.970802e-01 5.456409e-01 0.000000e+00 5.143929e-02 5.133871e-04 31.6267671585083 7950.004990816116
246 6.132856e-01 5.620040e-01 0.000000e+00 5.128165e-02 5.133871e-04 31.346435546875 7981.385587215424
247 7.513888e-01 6.999716e-01 0.000000e+00 5.141714e-02 5.133871e-04 32.16110563278198 8013.580567121506
248 5.567692e-01 5.055246e-01 0.000000e+00 5.124463e-02 5.133871e-04 31.66025161743164 8045.271195650101
249 6.971349e-01 6.458178e-01 0.000000e+00 5.131708e-02 5.133871e-04 32.3236722946167 8077.626878976822
250 6.166205e-01 5.652547e-01 0.000000e+00 5.136582e-02 5.133871e-04 31.554767847061157 8109.214839696884
251 6.374809e-01 5.862145e-01 0.000000e+00 5.126641e-02 5.133871e-04 31.75231409072876 8140.994233846664
252 7.163828e-01 6.651069e-01 0.000000e+00 5.127590e-02 5.133871e-04 31.93981122970581 8172.966308832169
253 5.867045e-01 5.356335e-01 0.000000e+00 5.107098e-02 5.133871e-04 31.5560405254364 8204.551029920578
254 5.719123e-01 5.207416e-01 0.000000e+00 5.117067e-02 5.133871e-04 31.24416995048523 8235.826870918274
255 5.806363e-01 5.294687e-01 0.000000e+00 5.116757e-02 4.877210e-04 31.68198037147522 8267.541595458984
256 6.335194e-01 5.823487e-01 0.000000e+00 5.117078e-02 4.877210e-04 31.291325330734253 8298.863827943802
257 6.783054e-01 6.272984e-01 0.000000e+00 5.100708e-02 4.877210e-04 32.10712695121765 8331.003230333328
258 6.046923e-01 5.536695e-01 0.000000e+00 5.102273e-02 4.877210e-04 31.61639976501465 8362.655193090439
259 6.127106e-01 5.615589e-01 0.000000e+00 5.115165e-02 4.877210e-04 31.76863932609558 8394.456834554672
260 6.063731e-01 5.554427e-01 0.000000e+00 5.093040e-02 4.877210e-04 31.783913135528564 8426.273595809937
261 6.082302e-01 5.571911e-01 0.000000e+00 5.103912e-02 4.877210e-04 31.616918802261353 8457.920176744461
262 4.769896e-01 4.261481e-01 0.000000e+00 5.084153e-02 4.877210e-04 31.455580234527588 8489.407153367996
263 5.492067e-01 4.984899e-01 0.000000e+00 5.071674e-02 4.877210e-04 31.93878936767578 8521.385789394379
264 5.323452e-01 4.814533e-01 0.000000e+00 5.089190e-02 4.877210e-04 32.43869590759277 8553.852067947388
265 5.886635e-01 5.377542e-01 0.000000e+00 5.090932e-02 4.877210e-04 32.15640211105347 8586.039912700653
266 5.085176e-01 4.578991e-01 0.000000e+00 5.061850e-02 4.877210e-04 32.10109567642212 8618.16843676567
267 6.076987e-01 5.570317e-01 0.000000e+00 5.066697e-02 4.877210e-04 32.69645142555237 8650.89051580429
268 6.136749e-01 5.628426e-01 0.000000e+00 5.083226e-02 4.877210e-04 32.1899037361145 8683.111205816269
269 5.216000e-01 4.709478e-01 0.000000e+00 5.065217e-02 4.877210e-04 31.239391088485718 8714.381297111511
270 5.220360e-01 4.712123e-01 0.000000e+00 5.082377e-02 4.877210e-04 31.53474235534668 8745.940160274506
271 5.726183e-01 5.220426e-01 0.000000e+00 5.057576e-02 4.877210e-04 31.936766147613525 8777.90856218338
272 7.130474e-01 6.624128e-01 0.000000e+00 5.063457e-02 4.877210e-04 31.545257806777954 8809.614938259125
273 7.267196e-01 6.762345e-01 0.000000e+00 5.048507e-02 4.877210e-04 32.77964210510254 8842.42389512062
274 7.708298e-01 7.202322e-01 0.000000e+00 5.059764e-02 4.633381e-04 32.68875241279602 8875.138895988464
275 5.174248e-01 4.668708e-01 0.000000e+00 5.055407e-02 4.633381e-04 31.694132328033447 8906.86306643486
276 5.170299e-01 4.665211e-01 0.000000e+00 5.050884e-02 4.633381e-04 31.79919934272766 8938.687786102295
277 6.174133e-01 5.670455e-01 0.000000e+00 5.036779e-02 4.633381e-04 32.273473501205444 8970.985884666443
278 5.864079e-01 5.361266e-01 0.000000e+00 5.028125e-02 4.633381e-04 32.12559676170349 9003.140493154526
279 6.087434e-01 5.584680e-01 0.000000e+00 5.027533e-02 4.633381e-04 31.98887062072754 9035.167117595673
280 5.378101e-01 4.874455e-01 0.000000e+00 5.036463e-02 4.633381e-04 31.877108573913574 9067.074001789093
281 6.946500e-01 6.442200e-01 0.000000e+00 5.042999e-02 4.633381e-04 32.36730456352234 9099.473896026611
282 6.632847e-01 6.129531e-01 0.000000e+00 5.033162e-02 4.633381e-04 32.40855598449707 9131.91156244278
283 5.426529e-01 4.924400e-01 0.000000e+00 5.021293e-02 4.633381e-04 32.07165336608887 9164.008455514908
284 6.839746e-01 6.337081e-01 0.000000e+00 5.026647e-02 4.633381e-04 32.43159008026123 9196.46891951561
285 5.773567e-01 5.270555e-01 0.000000e+00 5.030119e-02 4.633381e-04 32.91665697097778 9229.410501003265
286 5.696666e-01 5.194690e-01 0.000000e+00 5.019761e-02 4.633381e-04 32.11679720878601 9261.5606777668
287 5.434638e-01 4.932762e-01 0.000000e+00 5.018758e-02 4.633381e-04 32.79366731643677 9294.383813142776
288 5.412549e-01 4.912253e-01 0.000000e+00 5.002961e-02 4.633381e-04 32.33025598526001 9326.746888399124
289 5.853450e-01 5.352689e-01 0.000000e+00 5.007612e-02 4.633381e-04 33.11362314224243 9359.890881061554
290 6.806321e-01 6.304117e-01 0.000000e+00 5.022036e-02 4.633381e-04 32.82686448097229 9392.746004581451
291 5.332025e-01 4.833562e-01 0.000000e+00 4.984635e-02 4.633381e-04 33.297953605651855 9426.069916963577
292 7.204329e-01 6.704979e-01 0.000000e+00 4.993498e-02 4.633381e-04 33.551520586013794 9459.650862693787
293 6.293879e-01 5.793187e-01 0.000000e+00 5.006921e-02 4.633381e-04 33.535752058029175 9493.217091083527
294 5.145246e-01 4.645399e-01 0.000000e+00 4.998474e-02 4.401742e-04 33.589313983917236 9526.832179546356
295 5.051763e-01 4.554652e-01 0.000000e+00 4.971116e-02 4.401742e-04 32.82393956184387 9559.686354398727
296 5.802975e-01 5.304894e-01 0.000000e+00 4.980814e-02 4.401742e-04 33.52823352813721 9593.24522972107
297 5.043820e-01 4.545291e-01 0.000000e+00 4.985291e-02 4.401742e-04 32.96175694465637 9626.239449739456
298 6.618373e-01 6.119567e-01 0.000000e+00 4.988057e-02 4.401742e-04 32.00259065628052 9658.27168917656
299 5.448262e-01 4.950391e-01 0.000000e+00 4.978711e-02 4.401742e-04 31.748531341552734 9690.049266338348
300 5.888531e-01 5.390675e-01 0.000000e+00 4.978561e-02 4.401742e-04 32.260902643203735 9722.339707612991
301 5.190209e-01 4.693941e-01 0.000000e+00 4.962673e-02 4.401742e-04 32.28791284561157 9754.65413403511
302 5.575677e-01 5.078398e-01 0.000000e+00 4.972794e-02 4.401742e-04 32.671937465667725 9787.359114646912
303 5.930274e-01 5.432379e-01 0.000000e+00 4.978954e-02 4.401742e-04 33.059110164642334 9820.448358297348
304 5.447129e-01 4.949913e-01 0.000000e+00 4.972155e-02 4.401742e-04 33.47305917739868 9853.954713821411
305 6.175332e-01 5.679490e-01 0.000000e+00 4.958422e-02 4.401742e-04 32.990808963775635 9886.975603580475
306 5.796091e-01 5.299478e-01 0.000000e+00 4.966131e-02 4.401742e-04 33.036529541015625 9920.044488191605
307 4.934465e-01 4.439062e-01 0.000000e+00 4.954030e-02 4.401742e-04 32.670228004455566 9952.744613647461
308 5.482414e-01 4.986310e-01 0.000000e+00 4.961046e-02 4.401742e-04 32.049521684646606 9984.823097705841
309 6.363546e-01 5.867200e-01 0.000000e+00 4.963452e-02 4.401742e-04 32.298988342285156 10017.152024030685
310 4.733510e-01 4.239012e-01 0.000000e+00 4.944979e-02 4.401742e-04 32.26207733154297 10049.44392824173
311 5.861736e-01 5.366536e-01 0.000000e+00 4.951999e-02 4.401742e-04 32.46305727958679 10082.012182712555
312 6.728198e-01 6.232300e-01 0.000000e+00 4.958984e-02 4.401742e-04 32.57677412033081 10114.620987176895
313 6.088194e-01 5.594722e-01 0.000000e+00 4.934720e-02 4.181683e-04 32.792070627212524 10147.444928407669
314 6.401555e-01 5.907268e-01 0.000000e+00 4.942870e-02 4.181683e-04 33.4250214099884 10180.901280164719
315 6.226985e-01 5.733924e-01 0.000000e+00 4.930611e-02 4.181683e-04 33.32699942588806 10214.254498958588
316 5.092254e-01 4.597750e-01 0.000000e+00 4.945039e-02 4.181683e-04 32.94219493865967 10247.22649717331
317 5.316229e-01 4.822608e-01 0.000000e+00 4.936210e-02 4.181683e-04 33.24232268333435 10280.501181840897
318 6.502407e-01 6.008095e-01 0.000000e+00 4.943121e-02 4.181683e-04 33.437098264694214 10313.968274116516
319 5.950530e-01 5.457433e-01 0.000000e+00 4.930963e-02 4.181683e-04 33.6989004611969 10347.699264526367
320 4.579765e-01 4.085554e-01 0.000000e+00 4.942110e-02 4.181683e-04 33.606992959976196 10381.334782123566
321 5.494730e-01 5.003075e-01 0.000000e+00 4.916548e-02 4.181683e-04 33.68088221549988 10415.058179616928
322 4.511789e-01 4.022067e-01 0.000000e+00 4.897214e-02 4.181683e-04 33.65820622444153 10448.745991230011
323 6.089031e-01 5.596666e-01 0.000000e+00 4.923651e-02 4.181683e-04 33.53074264526367 10482.316851854324
324 6.333273e-01 5.841492e-01 0.000000e+00 4.917811e-02 4.181683e-04 33.5492308139801 10515.897508859634
325 6.041760e-01 5.550534e-01 0.000000e+00 4.912268e-02 4.181683e-04 33.459731101989746 10549.387089729309
326 5.094654e-01 4.602864e-01 0.000000e+00 4.917904e-02 4.181683e-04 33.08834099769592 10582.506423473358
327 4.599692e-01 4.110873e-01 0.000000e+00 4.888188e-02 4.181683e-04 33.635043144226074 10616.171895980835
328 4.914140e-01 4.423852e-01 0.000000e+00 4.902879e-02 4.181683e-04 33.22297263145447 10649.420426607132
329 4.760315e-01 4.270385e-01 0.000000e+00 4.899304e-02 4.181683e-04 33.68757104873657 10683.134174823761
330 6.553655e-01 6.063217e-01 0.000000e+00 4.904381e-02 4.181683e-04 32.631508111953735 10715.795643091202
331 6.255919e-01 5.765122e-01 0.000000e+00 4.907971e-02 4.181683e-04 32.9141263961792 10748.734827280045
332 6.187854e-01 5.698401e-01 0.000000e+00 4.894530e-02 4.181683e-04 32.28769540786743 10781.05079984665
333 6.823595e-01 6.333668e-01 0.000000e+00 4.899276e-02 3.972626e-04 31.561368942260742 10812.642310142517
334 5.432756e-01 4.943503e-01 0.000000e+00 4.892531e-02 3.972626e-04 31.781193733215332 10844.44786286354
335 4.105936e-01 3.617549e-01 0.000000e+00 4.883870e-02 3.972626e-04 32.40980100631714 10876.890738010406
336 5.025112e-01 4.537261e-01 0.000000e+00 4.878519e-02 3.972626e-04 32.85296297073364 10909.78538441658
337 4.733845e-01 4.245738e-01 0.000000e+00 4.881070e-02 3.972626e-04 33.30839824676514 10943.123935699463
338 5.297685e-01 4.809332e-01 0.000000e+00 4.883529e-02 3.972626e-04 33.61448621749878 10976.76746249199
339 5.428223e-01 4.940815e-01 0.000000e+00 4.874073e-02 3.972626e-04 33.357316732406616 11010.155749559402
340 5.189228e-01 4.702309e-01 0.000000e+00 4.869183e-02 3.972626e-04 33.9575560092926 11044.138562440872
341 4.426657e-01 3.937748e-01 0.000000e+00 4.889094e-02 3.972626e-04 33.33531427383423 11077.499644994736
342 5.198553e-01 4.709972e-01 0.000000e+00 4.885803e-02 3.972626e-04 33.01600646972656 11110.545274734497
343 4.116167e-01 3.630491e-01 0.000000e+00 4.856756e-02 3.972626e-04 32.902302265167236 11143.475765228271
344 4.752288e-01 4.265440e-01 0.000000e+00 4.868481e-02 3.972626e-04 32.708614110946655 11176.214683771133
345 6.110319e-01 5.622497e-01 0.000000e+00 4.878215e-02 3.972626e-04 33.534496784210205 11209.778646707535
346 5.545407e-01 5.059812e-01 0.000000e+00 4.855949e-02 3.972626e-04 32.93666362762451 11242.747818946838
347 5.247200e-01 4.760864e-01 0.000000e+00 4.863354e-02 3.972626e-04 32.37402582168579 11275.147166967392
348 4.856060e-01 4.371394e-01 0.000000e+00 4.846661e-02 3.972626e-04 33.895618200302124 11309.071672439575
349 4.162762e-01 3.676495e-01 0.000000e+00 4.862669e-02 3.972626e-04 35.04151797294617 11344.141750097275
350 6.113857e-01 5.626841e-01 0.000000e+00 4.870152e-02 3.972626e-04 32.51147174835205 11376.67815566063
351 6.160673e-01 5.675570e-01 0.000000e+00 4.851034e-02 3.972626e-04 31.942226886749268 11408.650999546051
352 4.286776e-01 3.801185e-01 0.000000e+00 4.855916e-02 3.774020e-04 32.907508850097656 11441.58671951294
353 4.955633e-01 4.470546e-01 0.000000e+00 4.850875e-02 3.774020e-04 32.30527377128601 11473.917527675629
354 4.638760e-01 4.153785e-01 0.000000e+00 4.849750e-02 3.774020e-04 31.82001543045044 11505.76311302185
355 6.097574e-01 5.612237e-01 0.000000e+00 4.853370e-02 3.774020e-04 31.967859506607056 11537.760177612305
356 5.110897e-01 4.627275e-01 0.000000e+00 4.836218e-02 3.774020e-04 32.704047203063965 11570.494678020477
357 5.475479e-01 4.991792e-01 0.000000e+00 4.836867e-02 3.774020e-04 32.94937205314636 11603.469518661499
358 4.384495e-01 3.901310e-01 0.000000e+00 4.831851e-02 3.774020e-04 33.45752716064453 11636.95857667923
359 5.669772e-01 5.186321e-01 0.000000e+00 4.834510e-02 3.774020e-04 32.804622650146484 11669.793249607086
360 5.474693e-01 4.990515e-01 0.000000e+00 4.841779e-02 3.774020e-04 33.28220987319946 11703.10668349266
361 4.794189e-01 4.311168e-01 0.000000e+00 4.830207e-02 3.774020e-04 32.68086552619934 11735.81691789627
362 5.255676e-01 4.773195e-01 0.000000e+00 4.824802e-02 3.774020e-04 33.39049482345581 11769.237477064133
363 5.441400e-01 4.957396e-01 0.000000e+00 4.840042e-02 3.774020e-04 33.88812828063965 11803.155432462692
364 4.354024e-01 3.871533e-01 0.000000e+00 4.824915e-02 3.774020e-04 33.28775334358215 11836.474230527878
365 4.443871e-01 3.961933e-01 0.000000e+00 4.819381e-02 3.774020e-04 34.639169454574585 11871.143456697464
366 4.696492e-01 4.214792e-01 0.000000e+00 4.817004e-02 3.774020e-04 33.18286991119385 11904.35673570633
367 5.036445e-01 4.554114e-01 0.000000e+00 4.823307e-02 3.774020e-04 33.251092195510864 11937.637665748596
368 4.518679e-01 4.037569e-01 0.000000e+00 4.811102e-02 3.774020e-04 32.85807657241821 11970.525917768478
369 5.429099e-01 4.947581e-01 0.000000e+00 4.815181e-02 3.774020e-04 33.072590351104736 12003.62880730629
370 5.589358e-01 5.107890e-01 0.000000e+00 4.814673e-02 3.774020e-04 33.076987981796265 12036.736847639084
371 4.650262e-01 4.169738e-01 0.000000e+00 4.805237e-02 3.774020e-04 33.081013679504395 12069.84811925888
372 5.573769e-01 5.092395e-01 0.000000e+00 4.813741e-02 3.585343e-04 33.48410081863403 12103.359285831451
373 5.622041e-01 5.141704e-01 0.000000e+00 4.803371e-02 3.585343e-04 33.138890504837036 12136.529220819473
374 4.801084e-01 4.321319e-01 0.000000e+00 4.797659e-02 3.585343e-04 33.18370270729065 12169.74274778366
375 4.817782e-01 4.336571e-01 0.000000e+00 4.812106e-02 3.585343e-04 32.68896126747131 12202.461524486542
376 6.172418e-01 5.692076e-01 0.000000e+00 4.803425e-02 3.585343e-04 32.438562631607056 12234.928671360016
377 5.069117e-01 4.589858e-01 0.000000e+00 4.792593e-02 3.585343e-04 32.150548696517944 12267.108820438385
378 4.796761e-01 4.316759e-01 0.000000e+00 4.800020e-02 3.585343e-04 32.45630407333374 12299.596123933792
379 5.622970e-01 5.143978e-01 0.000000e+00 4.789917e-02 3.585343e-04 31.722465991973877 12331.344497442245
380 4.444107e-01 3.964109e-01 0.000000e+00 4.799983e-02 3.585343e-04 32.11185073852539 12363.484333992004
381 4.580652e-01 4.100998e-01 0.000000e+00 4.796540e-02 3.585343e-04 32.40147042274475 12395.915942668915
382 4.568574e-01 4.091196e-01 0.000000e+00 4.773773e-02 3.585343e-04 32.36110830307007 12428.30594944954
383 4.558002e-01 4.078650e-01 0.000000e+00 4.793514e-02 3.585343e-04 32.074262380599976 12460.408933877945
384 4.715082e-01 4.236643e-01 0.000000e+00 4.784396e-02 3.585343e-04 32.47463250160217 12492.911222457886
385 5.094152e-01 4.616280e-01 0.000000e+00 4.778716e-02 3.585343e-04 32.40554428100586 12525.346078634262
386 3.846868e-01 3.369497e-01 0.000000e+00 4.773713e-02 3.585343e-04 32.103164196014404 12557.475549459457
387 4.566604e-01 4.088715e-01 0.000000e+00 4.778883e-02 3.585343e-04 31.963038682937622 12589.51817202568
388 5.126222e-01 4.648486e-01 0.000000e+00 4.777358e-02 3.585343e-04 32.724268674850464 12622.274632692337
389 4.593923e-01 4.115882e-01 0.000000e+00 4.780414e-02 3.585343e-04 31.94509243965149 12654.24828863144
390 4.226539e-01 3.749850e-01 0.000000e+00 4.766884e-02 3.585343e-04 31.911312103271484 12686.18961429596
391 4.290603e-01 3.814002e-01 0.000000e+00 4.766007e-02 3.406099e-04 31.81282949447632 12718.032938480377
392 4.248332e-01 3.771611e-01 0.000000e+00 4.767206e-02 3.406099e-04 32.46698570251465 12750.529111385345
393 4.931711e-01 4.455043e-01 0.000000e+00 4.766686e-02 3.406099e-04 32.045515298843384 12782.602463006973
394 5.109529e-01 4.632645e-01 0.000000e+00 4.768840e-02 3.406099e-04 32.0134072303772 12814.649719715118
395 5.339471e-01 4.862743e-01 0.000000e+00 4.767276e-02 3.406099e-04 32.09061145782471 12846.769890546799
396 6.734958e-01 6.258567e-01 0.000000e+00 4.763904e-02 3.406099e-04 32.10598182678223 12878.90556049347
397 4.661614e-01 4.185665e-01 0.000000e+00 4.759489e-02 3.406099e-04 32.21925497055054 12911.15556526184
398 4.718877e-01 4.243242e-01 0.000000e+00 4.756353e-02 3.406099e-04 31.788413047790527 12942.973880767822
399 3.845590e-01 3.369818e-01 0.000000e+00 4.757723e-02 3.406099e-04 32.17952275276184 12975.183684587479
400 5.435958e-01 4.960342e-01 0.000000e+00 4.756161e-02 3.406099e-04 33.219154596328735 13008.4466650486
401 4.800502e-01 4.325133e-01 0.000000e+00 4.753690e-02 3.406099e-04 32.389118671417236 13040.865302085876
402 4.869337e-01 4.393248e-01 0.000000e+00 4.760897e-02 3.406099e-04 32.99071741104126 13073.887323856354
403 4.370113e-01 3.895777e-01 0.000000e+00 4.743355e-02 3.406099e-04 33.403225898742676 13107.322222471237
404 4.752489e-01 4.278474e-01 0.000000e+00 4.740155e-02 3.406099e-04 33.64418435096741 13140.997136116028
405 4.830965e-01 4.357401e-01 0.000000e+00 4.735637e-02 3.406099e-04 32.89461541175842 13173.92327952385
406 4.812770e-01 4.338374e-01 0.000000e+00 4.743968e-02 3.406099e-04 33.93170428276062 13207.887602806091
407 4.455277e-01 3.980110e-01 0.000000e+00 4.751667e-02 3.406099e-04 32.376755475997925 13240.294620513916
408 4.520801e-01 4.047514e-01 0.000000e+00 4.732874e-02 3.406099e-04 32.11957764625549 13272.44623708725
409 3.713537e-01 3.240055e-01 0.000000e+00 4.734817e-02 3.406099e-04 32.30599403381348 13304.784058094025
410 5.095651e-01 4.621411e-01 0.000000e+00 4.742401e-02 3.406099e-04 33.58159303665161 13338.405265331268
411 5.468586e-01 4.994708e-01 0.000000e+00 4.738772e-02 3.235816e-04 33.7602436542511 13372.1958258152
412 5.453724e-01 4.980116e-01 0.000000e+00 4.736078e-02 3.235816e-04 33.79968476295471 13406.025253295898
413 4.595764e-01 4.123334e-01 0.000000e+00 4.724292e-02 3.235816e-04 33.605745792388916 13439.661364078522
414 4.803428e-01 4.330702e-01 0.000000e+00 4.727261e-02 3.235816e-04 33.192917585372925 13472.879501342773
415 4.645336e-01 4.172643e-01 0.000000e+00 4.726926e-02 3.235816e-04 33.96445369720459 13506.910261154175
416 4.839279e-01 4.366774e-01 0.000000e+00 4.725050e-02 3.235816e-04 33.04955530166626 13539.99020767212
417 4.492847e-01 4.020275e-01 0.000000e+00 4.725719e-02 3.235816e-04 32.62086796760559 13572.641096830368
418 4.113529e-01 3.641625e-01 0.000000e+00 4.719040e-02 3.235816e-04 31.92979073524475 13604.60158109665
419 5.180455e-01 4.708166e-01 0.000000e+00 4.722891e-02 3.235816e-04 31.869205236434937 13636.503994941711
420 5.117089e-01 4.644871e-01 0.000000e+00 4.722181e-02 3.235816e-04 32.82541871070862 13669.359763383865
421 4.647688e-01 4.176424e-01 0.000000e+00 4.712646e-02 3.235816e-04 32.87856316566467 13702.268236875534
422 4.492233e-01 4.020273e-01 0.000000e+00 4.719604e-02 3.235816e-04 32.84993648529053 13735.149951219559
423 4.469007e-01 3.998072e-01 0.000000e+00 4.709351e-02 3.235816e-04 33.9382426738739 13769.11824631691
424 5.337066e-01 4.865079e-01 0.000000e+00 4.719871e-02 3.235816e-04 33.27883291244507 13802.42661356926
425 3.856319e-01 3.386063e-01 0.000000e+00 4.702558e-02 3.235816e-04 32.04638695716858 13834.500276565552
426 4.801664e-01 4.330410e-01 0.000000e+00 4.712540e-02 3.235816e-04 32.61266303062439 13867.143033981323
427 4.394747e-01 3.923523e-01 0.000000e+00 4.712241e-02 3.235816e-04 31.96119475364685 13899.134247303009
428 4.410689e-01 3.940746e-01 0.000000e+00 4.699424e-02 3.235816e-04 32.36096692085266 13931.52438902855
429 4.167523e-01 3.695969e-01 0.000000e+00 4.715536e-02 3.235816e-04 32.172491788864136 13963.72640633583
430 4.585581e-01 4.115377e-01 0.000000e+00 4.702040e-02 3.074046e-04 32.95983695983887 13996.72068977356
431 4.026724e-01 3.556791e-01 0.000000e+00 4.699331e-02 3.074046e-04 32.675503969192505 14029.425875663757
432 4.825098e-01 4.355734e-01 0.000000e+00 4.693640e-02 3.074046e-04 33.539417028427124 14062.995755672455
433 4.064053e-01 3.593715e-01 0.000000e+00 4.703374e-02 3.074046e-04 33.81023454666138 14096.839146614075
434 4.257804e-01 3.789178e-01 0.000000e+00 4.686261e-02 3.074046e-04 33.045889377593994 14129.911011219025
435 4.552546e-01 4.082963e-01 0.000000e+00 4.695832e-02 3.074046e-04 32.512917041778564 14162.44845867157
436 4.771346e-01 4.301397e-01 0.000000e+00 4.699493e-02 3.074046e-04 31.49419665336609 14193.969346523285
437 3.878200e-01 3.409644e-01 0.000000e+00 4.685556e-02 3.074046e-04 31.96659755706787 14225.965211391449
438 4.030150e-01 3.561481e-01 0.000000e+00 4.686687e-02 3.074046e-04 32.09018898010254 14258.085116624832
439 4.449405e-01 3.980940e-01 0.000000e+00 4.684646e-02 3.074046e-04 31.97436499595642 14290.086071968079
440 4.222698e-01 3.754065e-01 0.000000e+00 4.686323e-02 3.074046e-04 32.5446572303772 14322.663830280304
441 4.095806e-01 3.626930e-01 0.000000e+00 4.688759e-02 3.074046e-04 32.561237812042236 14355.253688573837
442 4.054583e-01 3.585864e-01 0.000000e+00 4.687189e-02 3.074046e-04 32.19413089752197 14387.476492881775
443 4.249162e-01 3.781618e-01 0.000000e+00 4.675444e-02 3.074046e-04 31.999088048934937 14419.507856607437
444 5.016815e-01 4.548265e-01 0.000000e+00 4.685502e-02 3.074046e-04 32.88884353637695 14452.429464101791
445 4.242709e-01 3.775231e-01 0.000000e+00 4.674783e-02 3.074046e-04 32.9749219417572 14485.437140464783
446 4.543913e-01 4.076201e-01 0.000000e+00 4.677125e-02 3.074046e-04 32.467050075531006 14517.93500828743
447 4.135624e-01 3.668237e-01 0.000000e+00 4.673864e-02 3.074046e-04 31.922430992126465 14549.886506557465
448 3.976794e-01 3.509473e-01 0.000000e+00 4.673208e-02 3.074046e-04 32.20863914489746 14582.124634504318
449 4.683289e-01 4.215415e-01 0.000000e+00 4.678739e-02 2.920363e-04 32.18468451499939 14614.341970682144
450 4.265348e-01 3.797139e-01 0.000000e+00 4.682088e-02 2.920363e-04 32.53572869300842 14646.908812522888
451 4.263015e-01 3.796957e-01 0.000000e+00 4.660579e-02 2.920363e-04 31.829439640045166 14678.766780614853
452 4.392283e-01 3.926160e-01 0.000000e+00 4.661236e-02 2.920363e-04 31.998465538024902 14710.794129610062
453 4.491227e-01 4.024208e-01 0.000000e+00 4.670192e-02 2.920363e-04 32.430394649505615 14743.25273013115
454 4.698123e-01 4.232434e-01 0.000000e+00 4.656891e-02 2.920363e-04 32.784703731536865 14776.06689953804
455 4.765846e-01 4.298509e-01 0.000000e+00 4.673369e-02 2.920363e-04 31.86853337287903 14807.965082883835
456 4.103656e-01 3.637275e-01 0.000000e+00 4.663807e-02 2.920363e-04 33.147719383239746 14841.138423919678
457 3.724451e-01 3.258299e-01 0.000000e+00 4.661519e-02 2.920363e-04 32.606117486953735 14873.77363562584
458 4.375713e-01 3.909748e-01 0.000000e+00 4.659643e-02 2.920363e-04 32.369513750076294 14906.173432826996
459 4.108447e-01 3.642920e-01 0.000000e+00 4.655270e-02 2.920363e-04 31.937844038009644 14938.140727043152
460 4.117699e-01 3.652184e-01 0.000000e+00 4.655152e-02 2.920363e-04 32.78240942955017 14970.94897556305
461 4.452281e-01 3.985625e-01 0.000000e+00 4.666557e-02 2.920363e-04 32.064157009124756 15003.043902397156
462 3.542229e-01 3.077404e-01 0.000000e+00 4.648253e-02 2.920363e-04 32.12205219268799 15035.197583436966
463 3.999591e-01 3.533754e-01 0.000000e+00 4.658374e-02 2.920363e-04 32.02970767021179 15067.35946393013
464 4.131063e-01 3.666549e-01 0.000000e+00 4.645140e-02 2.920363e-04 32.36402177810669 15099.753761529922
465 3.656002e-01 3.191324e-01 0.000000e+00 4.646782e-02 2.920363e-04 32.2753849029541 15132.057906150818
466 3.535397e-01 3.070455e-01 0.000000e+00 4.649422e-02 2.920363e-04 33.10494065284729 15165.192089796066
467 4.267804e-01 3.804180e-01 0.000000e+00 4.636244e-02 2.920363e-04 32.176300048828125 15197.411180973053
468 3.642319e-01 3.178356e-01 0.000000e+00 4.639631e-02 2.920363e-04 32.47104334831238 15229.911911010742
469 3.873713e-01 3.409949e-01 0.000000e+00 4.637641e-02 2.774364e-04 32.672842502593994 15262.610631465912
470 4.082004e-01 3.617628e-01 0.000000e+00 4.643754e-02 2.774364e-04 33.13269066810608 15295.771521806717
471 4.191763e-01 3.726645e-01 0.000000e+00 4.651183e-02 2.774364e-04 32.995583295822144 15328.792102575302
472 4.087958e-01 3.624715e-01 0.000000e+00 4.632438e-02 2.774364e-04 32.94223380088806 15361.765607118607
473 3.578379e-01 3.114599e-01 0.000000e+00 4.637800e-02 2.774364e-04 32.35718035697937 15394.149574518204
474 3.882279e-01 3.419680e-01 0.000000e+00 4.625985e-02 2.774364e-04 31.68212103843689 15425.865026473999
475 4.270443e-01 3.806161e-01 0.000000e+00 4.642827e-02 2.774364e-04 32.557616233825684 15458.448939085007
476 3.745982e-01 3.283112e-01 0.000000e+00 4.628695e-02 2.774364e-04 33.13606095314026 15491.616824150085
477 3.812149e-01 3.349694e-01 0.000000e+00 4.624544e-02 2.774364e-04 32.551719427108765 15524.198972940445
478 3.625762e-01 3.161863e-01 0.000000e+00 4.638994e-02 2.774364e-04 32.97945952415466 15557.20924782753
479 3.538608e-01 3.075959e-01 0.000000e+00 4.626489e-02 2.774364e-04 32.52351117134094 15589.763455867767
480 3.722261e-01 3.259340e-01 0.000000e+00 4.629217e-02 2.774364e-04 32.77966523170471 15622.573935985565
481 4.199273e-01 3.736450e-01 0.000000e+00 4.628231e-02 2.774364e-04 32.51481580734253 15655.11728310585
482 4.470018e-01 4.007996e-01 0.000000e+00 4.620223e-02 2.774364e-04 31.797717571258545 15686.943592309952
483 3.825020e-01 3.362232e-01 0.000000e+00 4.627879e-02 2.774364e-04 31.818220376968384 15718.790498495102
484 4.471952e-01 4.009934e-01 0.000000e+00 4.620188e-02 2.774364e-04 32.12295699119568 15750.94281053543
485 4.557000e-01 4.094663e-01 0.000000e+00 4.623376e-02 2.774364e-04 32.76118469238281 15783.733375549316
486 3.978213e-01 3.515875e-01 0.000000e+00 4.623382e-02 2.774364e-04 31.94489288330078 15815.707728862762
487 3.714497e-01 3.252997e-01 0.000000e+00 4.614999e-02 2.774364e-04 31.8726589679718 15847.607558488846
488 3.801774e-01 3.340266e-01 0.000000e+00 4.615083e-02 2.635663e-04 31.935145616531372 15879.574096918106
489 3.364036e-01 2.902710e-01 0.000000e+00 4.613265e-02 2.635663e-04 32.641932010650635 15912.2455971241
490 3.703979e-01 3.243497e-01 0.000000e+00 4.604819e-02 2.635663e-04 32.597450971603394 15944.886073112488
491 3.304895e-01 2.843325e-01 0.000000e+00 4.615698e-02 2.635663e-04 31.987845420837402 15976.90542602539
492 3.298663e-01 2.838138e-01 0.000000e+00 4.605255e-02 2.635663e-04 31.977966785430908 16008.921627759933
493 3.256075e-01 2.795260e-01 0.000000e+00 4.608147e-02 2.635663e-04 31.962055444717407 16040.922809362411
494 3.468590e-01 3.008400e-01 0.000000e+00 4.601903e-02 2.635663e-04 32.15938758850098 16073.1274933815
495 3.586586e-01 3.125173e-01 0.000000e+00 4.614137e-02 2.635663e-04 32.90057325363159 16106.060244321823
496 3.945088e-01 3.485315e-01 0.000000e+00 4.597732e-02 2.635663e-04 33.130343198776245 16139.221548557281
497 3.722156e-01 3.261327e-01 0.000000e+00 4.608284e-02 2.635663e-04 31.973342180252075 16171.226074457169
498 3.437452e-01 2.976771e-01 0.000000e+00 4.606816e-02 2.635663e-04 33.442166805267334 16204.701252937317
499 3.626280e-01 3.165788e-01 0.000000e+00 4.604914e-02 2.635663e-04 31.896878480911255 16236.628244876862
500 3.222113e-01 2.761570e-01 0.000000e+00 4.605433e-02 2.635663e-04 33.37592005729675 16270.033549785614
501 3.322871e-01 2.863524e-01 0.000000e+00 4.593473e-02 2.635663e-04 32.57980918884277 16302.654811143875
502 3.061965e-01 2.602193e-01 0.000000e+00 4.597720e-02 2.635663e-04 32.77234625816345 16335.456315755844
503 3.927325e-01 3.467584e-01 0.000000e+00 4.597412e-02 2.635663e-04 32.826115131378174 16368.324313163757
504 3.132342e-01 2.673978e-01 0.000000e+00 4.583640e-02 2.635663e-04 33.363242387771606 16401.71867084503
505 3.518795e-01 3.059543e-01 0.000000e+00 4.592523e-02 2.635663e-04 33.415183782577515 16435.15899682045
506 3.713372e-01 3.254631e-01 0.000000e+00 4.587409e-02 2.635663e-04 33.82461071014404 16469.013886213303
507 3.491971e-01 3.032627e-01 0.000000e+00 4.593441e-02 2.635663e-04 33.78851079940796 16502.832580327988
508 3.150546e-01 2.691801e-01 0.000000e+00 4.587447e-02 2.503897e-04 33.8641562461853 16536.727489948273
509 3.557938e-01 3.098973e-01 0.000000e+00 4.589647e-02 2.503897e-04 33.21123552322388 16569.96453523636
510 3.598071e-01 3.138863e-01 0.000000e+00 4.592072e-02 2.503897e-04 32.904693603515625 16602.900571346283
511 3.330395e-01 2.871640e-01 0.000000e+00 4.587549e-02 2.503897e-04 32.52353239059448 16635.455613851547
512 3.643191e-01 3.184233e-01 0.000000e+00 4.589578e-02 2.503897e-04 32.79763197898865 16668.283349990845
513 3.295416e-01 2.836393e-01 0.000000e+00 4.590226e-02 2.503897e-04 33.31116223335266 16701.62452316284
514 2.860532e-01 2.402408e-01 0.000000e+00 4.581234e-02 2.503897e-04 32.8971643447876 16734.600003242493
515 3.098765e-01 2.640766e-01 0.000000e+00 4.579990e-02 2.503897e-04 34.7196409702301 16769.364633083344
516 3.187142e-01 2.729365e-01 0.000000e+00 4.577769e-02 2.503897e-04 34.03807544708252 16803.43014883995
517 3.369195e-01 2.910931e-01 0.000000e+00 4.582637e-02 2.503897e-04 33.8427677154541 16837.2995531559
518 3.228894e-01 2.770164e-01 0.000000e+00 4.587301e-02 2.503897e-04 33.59561252593994 16870.92280125618
519 3.305193e-01 2.847624e-01 0.000000e+00 4.575683e-02 2.503897e-04 32.17949461936951 16903.131892442703
520 3.165250e-01 2.708242e-01 0.000000e+00 4.570074e-02 2.503897e-04 31.870858192443848 16935.033046007156
521 3.117912e-01 2.660750e-01 0.000000e+00 4.571624e-02 2.503897e-04 32.55302333831787 16967.61417222023
522 3.298979e-01 2.842360e-01 0.000000e+00 4.566192e-02 2.503897e-04 32.50787711143494 17000.154627084732
523 3.107795e-01 2.650598e-01 0.000000e+00 4.571967e-02 2.503897e-04 32.199193716049194 17032.388208389282
524 3.317855e-01 2.861426e-01 0.000000e+00 4.564284e-02 2.503897e-04 32.384928941726685 17064.798966407776
525 3.442468e-01 2.985791e-01 0.000000e+00 4.566771e-02 2.503897e-04 32.54190015792847 17097.369990587234
526 2.898739e-01 2.441969e-01 0.000000e+00 4.567702e-02 2.503897e-04 32.142679929733276 17129.539214611053
527 3.381279e-01 2.924379e-01 0.000000e+00 4.568997e-02 2.378718e-04 32.36012315750122 17161.928669691086
528 3.270567e-01 2.814002e-01 0.000000e+00 4.565641e-02 2.378718e-04 32.37557339668274 17194.336814165115
529 2.952251e-01 2.495543e-01 0.000000e+00 4.567077e-02 2.378718e-04 32.3763222694397 17226.743802547455
530 3.077080e-01 2.620547e-01 0.000000e+00 4.565329e-02 2.378718e-04 31.74959135055542 17258.520631313324
531 2.928174e-01 2.471851e-01 0.000000e+00 4.563223e-02 2.378718e-04 31.810280561447144 17290.35873889923
532 3.002297e-01 2.545878e-01 0.000000e+00 4.564190e-02 2.378718e-04 32.30640459060669 17322.69247484207
533 3.153345e-01 2.697346e-01 0.000000e+00 4.559983e-02 2.378718e-04 32.13175654411316 17354.854082345963
534 2.813721e-01 2.356978e-01 0.000000e+00 4.567430e-02 2.378718e-04 33.02709126472473 17387.911698818207
535 2.845751e-01 2.389826e-01 0.000000e+00 4.559246e-02 2.378718e-04 33.65300917625427 17421.60693001747
536 2.983851e-01 2.527577e-01 0.000000e+00 4.562739e-02 2.378718e-04 32.225207805633545 17453.864753246307
537 2.781035e-01 2.326407e-01 0.000000e+00 4.546280e-02 2.378718e-04 31.821184158325195 17485.716744184494
538 2.738403e-01 2.283404e-01 0.000000e+00 4.549994e-02 2.378718e-04 32.54073619842529 17518.2992978096
539 3.140091e-01 2.684227e-01 0.000000e+00 4.558639e-02 2.378718e-04 32.393166303634644 17550.73620080948
540 2.909595e-01 2.453166e-01 0.000000e+00 4.564283e-02 2.378718e-04 32.66623139381409 17583.43092751503
541 3.633663e-01 3.178313e-01 0.000000e+00 4.553498e-02 2.378718e-04 32.34425973892212 17615.80179834366
542 2.706506e-01 2.251459e-01 0.000000e+00 4.550465e-02 2.378718e-04 34.48287844657898 17650.314175605774
543 3.152832e-01 2.698625e-01 0.000000e+00 4.542064e-02 2.378718e-04 36.19782900810242 17686.55519747734
544 2.838681e-01 2.385104e-01 0.000000e+00 4.535769e-02 2.378718e-04 33.93039536476135 17720.517384529114
545 3.246921e-01 2.791974e-01 0.000000e+00 4.549465e-02 2.378718e-04 32.63025212287903 17753.17432641983
546 2.914573e-01 2.459168e-01 0.000000e+00 4.554043e-02 2.378718e-04 33.725367307662964 17786.929771900177
547 2.693928e-01 2.239336e-01 0.000000e+00 4.545917e-02 2.259798e-04 33.20511794090271 17820.166806459427
548 2.859261e-01 2.404613e-01 0.000000e+00 4.546479e-02 2.259798e-04 32.56291127204895 17852.771568775177
549 3.161186e-01 2.706562e-01 0.000000e+00 4.546244e-02 2.259798e-04 32.27498388290405 17885.075129270554
550 2.594455e-01 2.140299e-01 0.000000e+00 4.541565e-02 2.259798e-04 31.96598792076111 17917.070106506348
551 2.935787e-01 2.481348e-01 0.000000e+00 4.544390e-02 2.259798e-04 31.991372108459473 17949.106169223785
552 2.989495e-01 2.536108e-01 0.000000e+00 4.533877e-02 2.259798e-04 32.74675941467285 17981.878977060318
553 2.774090e-01 2.320174e-01 0.000000e+00 4.539168e-02 2.259798e-04 32.15685677528381 18014.060943603516
554 3.304526e-01 2.850695e-01 0.000000e+00 4.538311e-02 2.259798e-04 32.09346008300781 18046.185430049896
555 2.995154e-01 2.541319e-01 0.000000e+00 4.538344e-02 2.259798e-04 32.66338300704956 18078.87861275673
556 2.689084e-01 2.235122e-01 0.000000e+00 4.539619e-02 2.259798e-04 32.395102977752686 18111.298624277115
557 3.307884e-01 2.853980e-01 0.000000e+00 4.539033e-02 2.259798e-04 31.68412137031555 18143.01223063469
558 2.883455e-01 2.429597e-01 0.000000e+00 4.538575e-02 2.259798e-04 31.912351846694946 18174.9541516304
559 2.961278e-01 2.507845e-01 0.000000e+00 4.534330e-02 2.259798e-04 32.14975309371948 18207.130006551743
560 2.841231e-01 2.388545e-01 0.000000e+00 4.526864e-02 2.259798e-04 32.23685574531555 18239.396061897278
561 2.935569e-01 2.483498e-01 0.000000e+00 4.520713e-02 2.259798e-04 31.72642183303833 18271.147953271866
562 2.969890e-01 2.517216e-01 0.000000e+00 4.526743e-02 2.259798e-04 32.02454876899719 18303.200570344925
563 2.722534e-01 2.269671e-01 0.000000e+00 4.528628e-02 2.259798e-04 32.62373495101929 18335.85471725464
564 2.565172e-01 2.112017e-01 0.000000e+00 4.531555e-02 2.259798e-04 32.04572415351868 18367.928831100464
565 2.681515e-01 2.229204e-01 0.000000e+00 4.523109e-02 2.259798e-04 31.563198804855347 18399.53600025177
566 2.898678e-01 2.446625e-01 0.000000e+00 4.520535e-02 2.146822e-04 32.31153059005737 18431.876335144043
567 3.033489e-01 2.580490e-01 0.000000e+00 4.529986e-02 2.146822e-04 32.423824310302734 18464.33189725876
568 2.617057e-01 2.164967e-01 0.000000e+00 4.520900e-02 2.146822e-04 32.32299590110779 18496.68568444252
569 2.505018e-01 2.053169e-01 0.000000e+00 4.518490e-02 2.146822e-04 32.52751541137695 18529.244483947754
570 2.479617e-01 2.026776e-01 0.000000e+00 4.528406e-02 2.146822e-04 32.83889365196228 18562.119074583054
571 2.574374e-01 2.122503e-01 0.000000e+00 4.518711e-02 2.146822e-04 32.2698700428009 18594.431344747543
572 2.654861e-01 2.203517e-01 0.000000e+00 4.513442e-02 2.146822e-04 33.21618437767029 18627.678022384644
573 2.870614e-01 2.419018e-01 0.000000e+00 4.515961e-02 2.146822e-04 33.290164947509766 18660.99934053421
574 2.657179e-01 2.205172e-01 0.000000e+00 4.520064e-02 2.146822e-04 34.25131702423096 18695.328968048096
575 2.615495e-01 2.163891e-01 0.000000e+00 4.516044e-02 2.146822e-04 32.56064438819885 18727.916991710663
576 2.503543e-01 2.051872e-01 0.000000e+00 4.516712e-02 2.146822e-04 32.02682638168335 18759.97448158264
577 2.718764e-01 2.267698e-01 0.000000e+00 4.510668e-02 2.146822e-04 31.579062700271606 18791.57774090767
578 2.595279e-01 2.144282e-01 0.000000e+00 4.509973e-02 2.146822e-04 31.92392063140869 18823.52673625946
579 2.544331e-01 2.094108e-01 0.000000e+00 4.502221e-02 2.146822e-04 31.358664751052856 18854.915296792984
580 2.416593e-01 1.966033e-01 0.000000e+00 4.505601e-02 2.146822e-04 32.21472644805908 18887.155130147934
581 2.838210e-01 2.387139e-01 0.000000e+00 4.510714e-02 2.146822e-04 31.789578437805176 18918.982204437256
582 2.524626e-01 2.073709e-01 0.000000e+00 4.509176e-02 2.146822e-04 32.571643114089966 18951.5788025856
583 2.734304e-01 2.282930e-01 0.000000e+00 4.513739e-02 2.146822e-04 32.49779796600342 18984.107467889786
584 2.593849e-01 2.143591e-01 0.000000e+00 4.502582e-02 2.146822e-04 32.675591468811035 19016.812581062317
585 2.721700e-01 2.271381e-01 0.000000e+00 4.503187e-02 2.146822e-04 32.34578537940979 19049.188562631607
586 2.373890e-01 1.923064e-01 0.000000e+00 4.508257e-02 2.039495e-04 32.0460684299469 19081.26254439354
587 2.676462e-01 2.225778e-01 0.000000e+00 4.506836e-02 2.039495e-04 32.29343390464783 19113.597270011902
588 2.797712e-01 2.347496e-01 0.000000e+00 4.502160e-02 2.039495e-04 32.52714705467224 19146.15391111374
589 2.686232e-01 2.235827e-01 0.000000e+00 4.504057e-02 2.039495e-04 32.53284454345703 19178.71635532379
590 3.861531e-01 3.411903e-01 0.000000e+00 4.496271e-02 2.039495e-04 32.39986300468445 19211.15064239502
591 2.768765e-01 2.318601e-01 0.000000e+00 4.501647e-02 2.039495e-04 32.7465922832489 19243.92850971222
592 2.452442e-01 2.002760e-01 0.000000e+00 4.496826e-02 2.039495e-04 32.95525240898132 19276.914252996445
593 2.816627e-01 2.366692e-01 0.000000e+00 4.499348e-02 2.039495e-04 32.715035915374756 19309.660271644592
594 2.312912e-01 1.863340e-01 0.000000e+00 4.495713e-02 2.039495e-04 32.98178219795227 19342.670251846313
595 2.869526e-01 2.420242e-01 0.000000e+00 4.492835e-02 2.039495e-04 32.80303406715393 19375.51414513588
596 2.335892e-01 1.885890e-01 0.000000e+00 4.500013e-02 2.039495e-04 32.91483736038208 19408.455208539963
597 2.430675e-01 1.981931e-01 0.000000e+00 4.487439e-02 2.039495e-04 33.495691776275635 19441.983808279037
598 2.697691e-01 2.247944e-01 0.000000e+00 4.497463e-02 2.039495e-04 32.65772843360901 19474.67538547516
599 2.448636e-01 1.999206e-01 0.000000e+00 4.494299e-02 2.039495e-04 32.31404137611389 19507.018702745438
600 2.377925e-01 1.929026e-01 0.000000e+00 4.488991e-02 2.039495e-04 32.02486801147461 19539.073362350464
601 2.543032e-01 2.094013e-01 0.000000e+00 4.490195e-02 2.039495e-04 31.97625160217285 19571.075740098953
602 2.510140e-01 2.061281e-01 0.000000e+00 4.488587e-02 2.039495e-04 32.32352328300476 19603.42529630661
603 2.449610e-01 2.000162e-01 0.000000e+00 4.494474e-02 2.039495e-04 32.09668731689453 19635.546857833862
604 2.480840e-01 2.032058e-01 0.000000e+00 4.487822e-02 2.039495e-04 32.58923316001892 19668.16497015953
605 2.234175e-01 1.785755e-01 0.000000e+00 4.484201e-02 1.937533e-04 31.794251203536987 19699.988030433655
606 2.380098e-01 1.931556e-01 0.000000e+00 4.485414e-02 1.937533e-04 33.04159212112427 19733.072922229767
607 2.814684e-01 2.366379e-01 0.000000e+00 4.483042e-02 1.937533e-04 33.814574003219604 19766.91535973549
608 2.167304e-01 1.718895e-01 0.000000e+00 4.484092e-02 1.937533e-04 32.77873611450195 19799.72580552101
609 2.632853e-01 2.183999e-01 0.000000e+00 4.488534e-02 1.937533e-04 32.49121713638306 19832.250569343567
610 2.742982e-01 2.295144e-01 0.000000e+00 4.478372e-02 1.937533e-04 33.14898061752319 19865.431319236755
611 2.639715e-01 2.190942e-01 0.000000e+00 4.487723e-02 1.937533e-04 33.83671593666077 19899.29634475708
612 2.432629e-01 1.985007e-01 0.000000e+00 4.476225e-02 1.937533e-04 32.8582661151886 19932.1809797287
613 2.690332e-01 2.242378e-01 0.000000e+00 4.479533e-02 1.937533e-04 31.95153021812439 19964.167603969574
614 2.492368e-01 2.044296e-01 0.000000e+00 4.480719e-02 1.937533e-04 32.620089530944824 19996.81691145897
615 2.629140e-01 2.181799e-01 0.000000e+00 4.473407e-02 1.937533e-04 32.51210856437683 20029.358786821365
616 2.627790e-01 2.179922e-01 0.000000e+00 4.478677e-02 1.937533e-04 32.130850076675415 20061.519766569138
617 2.611990e-01 2.164555e-01 0.000000e+00 4.474345e-02 1.937533e-04 32.062193155288696 20093.60657787323
618 2.350101e-01 1.902433e-01 0.000000e+00 4.476684e-02 1.937533e-04 32.10026955604553 20125.73659992218
619 2.522395e-01 2.075304e-01 0.000000e+00 4.470907e-02 1.937533e-04 32.159048318862915 20157.921615600586
620 2.358754e-01 1.911033e-01 0.000000e+00 4.477204e-02 1.937533e-04 32.190640926361084 20190.142147779465
621 2.007463e-01 1.560570e-01 0.000000e+00 4.468929e-02 1.937533e-04 31.68804097175598 20221.859577178955
622 2.179857e-01 1.732381e-01 0.000000e+00 4.474753e-02 1.937533e-04 30.983978986740112 20252.885301351547
623 2.166024e-01 1.718846e-01 0.000000e+00 4.471782e-02 1.937533e-04 32.43819856643677 20285.353307247162
624 2.294463e-01 1.847830e-01 0.000000e+00 4.466325e-02 1.937533e-04 32.29553437232971 20317.680022716522
625 2.068106e-01 1.621587e-01 0.000000e+00 4.465194e-02 1.840669e-04 32.263426065444946 20349.971752643585
626 2.401282e-01 1.953588e-01 0.000000e+00 4.476946e-02 1.840669e-04 32.23357367515564 20382.235017299652
627 2.682667e-01 2.236052e-01 0.000000e+00 4.466149e-02 1.840669e-04 32.28721761703491 20414.55041408539
628 2.471928e-01 2.025391e-01 0.000000e+00 4.465373e-02 1.840669e-04 32.302963972091675 20446.885600090027
629 2.254031e-01 1.807670e-01 0.000000e+00 4.463605e-02 1.840669e-04 31.85118269920349 20478.765505552292
630 2.452572e-01 2.005675e-01 0.000000e+00 4.468966e-02 1.840669e-04 31.839529037475586 20510.634137630463
631 2.523348e-01 2.077176e-01 0.000000e+00 4.461717e-02 1.840669e-04 32.81592798233032 20543.477337121964
632 2.016452e-01 1.569934e-01 0.000000e+00 4.465182e-02 1.840669e-04 32.134095907211304 20575.64133286476
633 2.455371e-01 2.009468e-01 0.000000e+00 4.459030e-02 1.840669e-04 32.58640003204346 20608.257008314133
634 2.274904e-01 1.828888e-01 0.000000e+00 4.460158e-02 1.840669e-04 32.40367650985718 20640.689820051193
635 2.484816e-01 2.038727e-01 0.000000e+00 4.460890e-02 1.840669e-04 31.834627628326416 20672.556035280228
636 2.394938e-01 1.948734e-01 0.000000e+00 4.462044e-02 1.840669e-04 32.22947549819946 20704.815707206726
637 2.160430e-01 1.714885e-01 0.000000e+00 4.455446e-02 1.840669e-04 32.53295874595642 20737.38082742691
638 2.458933e-01 2.013090e-01 0.000000e+00 4.458429e-02 1.840669e-04 32.67845559120178 20770.085399627686
639 2.307793e-01 1.861800e-01 0.000000e+00 4.459929e-02 1.840669e-04 32.81751012802124 20802.93514275551
640 2.115354e-01 1.670057e-01 0.000000e+00 4.452976e-02 1.840669e-04 32.73905277252197 20835.703864097595
641 2.181687e-01 1.736594e-01 0.000000e+00 4.450930e-02 1.840669e-04 32.3577516078949 20868.091192007065
642 2.558693e-01 2.112686e-01 0.000000e+00 4.460070e-02 1.840669e-04 32.21256422996521 20900.33275103569
643 2.650278e-01 2.204946e-01 0.000000e+00 4.453320e-02 1.840669e-04 31.993934631347656 20932.355875253677
644 1.998829e-01 1.553218e-01 0.000000e+00 4.456109e-02 1.748647e-04 32.43084406852722 20964.814794301987
645 2.153071e-01 1.707532e-01 0.000000e+00 4.455389e-02 1.748647e-04 32.26183557510376 20997.118827342987
646 2.696440e-01 2.251467e-01 0.000000e+00 4.449731e-02 1.748647e-04 32.22306990623474 21029.371221780777
647 2.400387e-01 1.955879e-01 0.000000e+00 4.445081e-02 1.748647e-04 32.679505586624146 21062.07738852501
648 2.223954e-01 1.779069e-01 0.000000e+00 4.448853e-02 1.748647e-04 32.93836855888367 21095.047629594803
649 2.355601e-01 1.910608e-01 0.000000e+00 4.449931e-02 1.748647e-04 32.50470280647278 21127.5780377388
650 2.634201e-01 2.189323e-01 0.000000e+00 4.448781e-02 1.748647e-04 32.22225832939148 21159.82888650894
651 2.180551e-01 1.734878e-01 0.000000e+00 4.456730e-02 1.748647e-04 31.872837781906128 21191.7300593853
652 2.116107e-01 1.671735e-01 0.000000e+00 4.443729e-02 1.748647e-04 31.723159313201904 21223.51897907257
653 2.198978e-01 1.754653e-01 0.000000e+00 4.443246e-02 1.748647e-04 32.296541690826416 21255.84454059601
654 2.149404e-01 1.704721e-01 0.000000e+00 4.446826e-02 1.748647e-04 31.79995369911194 21287.677958011627
655 2.046654e-01 1.602442e-01 0.000000e+00 4.442125e-02 1.748647e-04 32.360549211502075 21320.07005095482
656 2.117476e-01 1.673632e-01 0.000000e+00 4.438436e-02 1.748647e-04 32.303069829940796 21352.401856660843
657 2.406052e-01 1.961409e-01 0.000000e+00 4.446433e-02 1.748647e-04 32.17871308326721 21384.611674308777
658 2.170277e-01 1.726240e-01 0.000000e+00 4.440372e-02 1.748647e-04 32.273613691329956 21416.91358232498
659 2.165207e-01 1.721142e-01 0.000000e+00 4.440658e-02 1.748647e-04 32.04782152175903 21448.988473415375
660 2.200560e-01 1.756615e-01 0.000000e+00 4.439450e-02 1.748647e-04 32.15296983718872 21481.170869588852
661 1.927522e-01 1.483809e-01 0.000000e+00 4.437123e-02 1.748647e-04 32.10031867027283 21513.300451755524
662 1.988550e-01 1.544552e-01 0.000000e+00 4.439982e-02 1.748647e-04 32.10359215736389 21545.447493314743
663 2.319565e-01 1.876432e-01 0.000000e+00 4.431333e-02 1.748647e-04 32.737330198287964 21578.214124917984
664 2.395774e-01 1.952464e-01 0.000000e+00 4.433103e-02 1.661226e-04 33.130600929260254 21611.374139547348
665 2.429444e-01 1.985811e-01 0.000000e+00 4.436334e-02 1.661226e-04 32.588765144348145 21643.993662834167
666 2.591120e-01 2.147934e-01 0.000000e+00 4.431854e-02 1.661226e-04 32.51288938522339 21676.53598666191
667 1.954201e-01 1.510726e-01 0.000000e+00 4.434757e-02 1.661226e-04 32.540202617645264 21709.105578184128
668 2.174421e-01 1.731206e-01 0.000000e+00 4.432153e-02 1.661226e-04 32.08846879005432 21741.225320339203
669 1.950151e-01 1.507446e-01 0.000000e+00 4.427046e-02 1.661226e-04 32.07786202430725 21773.332555532455
670 2.041759e-01 1.598142e-01 0.000000e+00 4.436174e-02 1.661226e-04 32.03698468208313 21805.394659757614
671 2.373665e-01 1.930303e-01 0.000000e+00 4.433621e-02 1.661226e-04 31.53519606590271 21836.96003985405
672 2.461975e-01 2.019301e-01 0.000000e+00 4.426743e-02 1.661226e-04 32.74211931228638 21869.728826761246
673 1.919183e-01 1.475619e-01 0.000000e+00 4.435639e-02 1.661226e-04 31.893117904663086 21901.651361227036
674 2.316674e-01 1.873391e-01 0.000000e+00 4.432835e-02 1.661226e-04 31.95190119743347 21933.640035152435
675 1.935086e-01 1.492136e-01 0.000000e+00 4.429496e-02 1.661226e-04 31.802156686782837 21965.467279195786
676 2.015157e-01 1.571985e-01 0.000000e+00 4.431720e-02 1.661226e-04 32.15464735031128 21997.650168180466
677 2.078575e-01 1.636226e-01 0.000000e+00 4.423485e-02 1.661226e-04 31.731323719024658 22029.4125289917
678 2.180492e-01 1.738464e-01 0.000000e+00 4.420274e-02 1.661226e-04 32.00989556312561 22061.446632623672
679 2.195115e-01 1.752436e-01 0.000000e+00 4.426791e-02 1.661226e-04 32.44099283218384 22093.91259455681
680 2.214736e-01 1.772524e-01 0.000000e+00 4.422121e-02 1.661226e-04 32.229780197143555 22126.16702413559
681 2.362132e-01 1.919410e-01 0.000000e+00 4.427222e-02 1.661226e-04 32.63030695915222 22158.824412107468
682 1.932080e-01 1.490056e-01 0.000000e+00 4.420243e-02 1.661226e-04 34.89997315406799 22193.748197078705
683 1.982037e-01 1.540100e-01 0.000000e+00 4.419371e-02 1.578175e-04 32.824145793914795 22226.59916615486
684 2.113109e-01 1.670953e-01 0.000000e+00 4.421563e-02 1.578175e-04 31.9007248878479 22258.52653312683
685 2.054446e-01 1.612651e-01 0.000000e+00 4.417949e-02 1.578175e-04 32.19289517402649 22290.743278503418
686 2.666837e-01 2.224371e-01 0.000000e+00 4.424666e-02 1.578175e-04 31.807104110717773 22322.581349372864
687 1.944022e-01 1.502153e-01 0.000000e+00 4.418690e-02 1.578175e-04 31.812999963760376 22354.423209667206
688 2.127233e-01 1.685535e-01 0.000000e+00 4.416982e-02 1.578175e-04 32.50061368942261 22386.951303243637
689 2.037104e-01 1.594893e-01 0.000000e+00 4.422103e-02 1.578175e-04 31.979509115219116 22418.959732294083
690 2.058038e-01 1.616617e-01 0.000000e+00 4.414207e-02 1.578175e-04 31.511123180389404 22450.498611450195
691 2.053779e-01 1.611449e-01 0.000000e+00 4.423306e-02 1.578175e-04 32.761605739593506 22483.287229299545
692 2.203377e-01 1.762025e-01 0.000000e+00 4.413519e-02 1.578175e-04 32.67563843727112 22515.995659589767
693 1.877312e-01 1.435932e-01 0.000000e+00 4.413799e-02 1.578175e-04 32.41971278190613 22548.446900844574
694 2.242803e-01 1.801331e-01 0.000000e+00 4.414728e-02 1.578175e-04 32.2556734085083 22580.748834848404
695 2.241125e-01 1.799921e-01 0.000000e+00 4.412043e-02 1.578175e-04 32.127811431884766 22612.905245780945
696 1.849267e-01 1.408121e-01 0.000000e+00 4.411458e-02 1.578175e-04 31.9823477268219 22644.91766643524
697 2.227815e-01 1.787202e-01 0.000000e+00 4.406131e-02 1.578175e-04 31.833710432052612 22676.792598962784
698 1.951356e-01 1.509540e-01 0.000000e+00 4.418163e-02 1.578175e-04 31.966625690460205 22708.78491616249
699 2.056329e-01 1.615450e-01 0.000000e+00 4.408787e-02 1.578175e-04 31.436681747436523 22740.251175642014
700 1.907926e-01 1.466688e-01 0.000000e+00 4.412378e-02 1.578175e-04 31.81336808204651 22772.09417104721
701 1.979393e-01 1.538427e-01 0.000000e+00 4.409660e-02 1.578175e-04 32.46080780029297 22804.58742403984
702 2.027504e-01 1.585911e-01 0.000000e+00 4.415924e-02 1.499277e-04 32.327746868133545 22836.940136909485
703 2.170528e-01 1.730020e-01 0.000000e+00 4.405080e-02 1.499277e-04 31.5002224445343 22868.46729874611
704 2.104508e-01 1.664078e-01 0.000000e+00 4.404300e-02 1.499277e-04 31.988794088363647 22900.481298923492
705 1.940789e-01 1.500536e-01 0.000000e+00 4.402531e-02 1.499277e-04 33.09937024116516 22933.61127948761
706 1.979702e-01 1.538868e-01 0.000000e+00 4.408340e-02 1.499277e-04 31.700897455215454 22965.342469215393
707 1.689544e-01 1.248799e-01 0.000000e+00 4.407449e-02 1.499277e-04 31.709627389907837 22997.080698013306
708 2.073459e-01 1.633131e-01 0.000000e+00 4.403281e-02 1.499277e-04 32.7848904132843 23029.907130479813
709 2.012245e-01 1.571976e-01 0.000000e+00 4.402688e-02 1.499277e-04 32.46357345581055 23062.396857261658
710 1.895578e-01 1.455428e-01 0.000000e+00 4.401506e-02 1.499277e-04 32.859241008758545 23095.2898979187
711 1.901100e-01 1.461082e-01 0.000000e+00 4.400178e-02 1.499277e-04 32.56511378288269 23127.886471509933
712 1.862737e-01 1.422716e-01 0.000000e+00 4.400210e-02 1.499277e-04 32.938366413116455 23160.85366678238
713 1.969377e-01 1.529240e-01 0.000000e+00 4.401365e-02 1.499277e-04 32.66963076591492 23193.551302671432
714 1.972780e-01 1.531867e-01 0.000000e+00 4.409126e-02 1.499277e-04 32.29162526130676 23225.872321128845
715 2.328411e-01 1.889078e-01 0.000000e+00 4.393327e-02 1.499277e-04 32.565268754959106 23258.467643499374
716 1.886495e-01 1.446923e-01 0.000000e+00 4.395715e-02 1.499277e-04 32.754881620407104 23291.253895998
717 1.936483e-01 1.496487e-01 0.000000e+00 4.399958e-02 1.499277e-04 33.02361559867859 23324.309409856796
718 1.914345e-01 1.474495e-01 0.000000e+00 4.398503e-02 1.499277e-04 32.70531630516052 23357.046766996384
719 2.194855e-01 1.755551e-01 0.000000e+00 4.393038e-02 1.499277e-04 32.732810258865356 23389.80908560753
720 2.250910e-01 1.810984e-01 0.000000e+00 4.399258e-02 1.499277e-04 32.18431830406189 23422.024694919586
