epoch	 loss	 RMSE_Etot	 RMSE_Ei	 RMSE_F	 real_lr	 epoch_time	 wall_time
1 1.395934e+01 1.375326e+01 1.468250e-01 2.060762e-01 1.000000e-03 260.9730112552643 260.9877972602844
2 2.418640e+00 2.357152e+00 9.224141e-02 6.148862e-02 1.000000e-03 237.4023973941803 498.542209148407
3 3.734570e-01 3.259436e-01 8.166811e-02 4.751332e-02 1.000000e-03 239.5992124080658 738.1867325305939
4 2.107112e-01 1.664724e-01 7.320434e-02 4.423884e-02 1.000000e-03 234.57387447357178 972.8070764541626
5 1.165599e-01 7.378950e-02 7.506651e-02 4.277043e-02 1.000000e-03 235.88166880607605 1208.7370219230652
6 8.600120e-02 4.402995e-02 7.443843e-02 4.197124e-02 1.000000e-03 232.87335443496704 1441.6582531929016
7 8.420148e-02 4.270576e-02 7.274129e-02 4.149572e-02 1.000000e-03 235.3434202671051 1677.0502195358276
8 8.269655e-02 4.156872e-02 7.071408e-02 4.112783e-02 1.000000e-03 232.94407176971436 1910.0431985855103
9 8.153624e-02 4.077021e-02 6.856065e-02 4.076603e-02 1.000000e-03 239.1338267326355 2149.224746465683
10 7.988029e-02 3.942507e-02 6.703825e-02 4.045522e-02 1.000000e-03 233.463782787323 2382.7351067066193
11 7.841969e-02 3.821667e-02 6.600097e-02 4.020302e-02 1.000000e-03 238.02269458770752 2620.799297809601
12 7.731027e-02 3.730856e-02 6.537434e-02 4.000170e-02 1.000000e-03 234.00912809371948 2854.854761362076
13 7.631921e-02 3.650004e-02 6.484937e-02 3.981917e-02 1.000000e-03 237.48030257225037 3092.3763897418976
14 7.500358e-02 3.534675e-02 6.477992e-02 3.965683e-02 1.000000e-03 233.4594566822052 3325.8799483776093
15 7.403288e-02 3.451518e-02 6.476247e-02 3.951770e-02 1.000000e-03 237.24215984344482 3563.1691727638245
16 7.322230e-02 3.383540e-02 6.466303e-02 3.938690e-02 1.000000e-03 231.92366862297058 3795.1390240192413
17 7.250214e-02 3.323467e-02 6.472150e-02 3.926748e-02 1.000000e-03 235.96119022369385 4031.1448941230774
18 7.162504e-02 3.246204e-02 6.480408e-02 3.916300e-02 1.000000e-03 231.91878628730774 4263.104431390762
19 7.100607e-02 3.192310e-02 6.490498e-02 3.908297e-02 1.000000e-03 236.01681184768677 4499.172478199005
20 7.062879e-02 3.163666e-02 6.502637e-02 3.899212e-02 1.000000e-03 228.07637524604797 4727.295501708984
21 6.997797e-02 3.105250e-02 6.514505e-02 3.892546e-02 1.000000e-03 228.56620979309082 4955.908451795578
22 6.944876e-02 3.058032e-02 6.532032e-02 3.886844e-02 1.000000e-03 225.4641408920288 5181.419644117355
23 6.923698e-02 3.043061e-02 6.535405e-02 3.880636e-02 1.000000e-03 230.19710159301758 5411.663795948029
24 6.870924e-02 2.994906e-02 6.534554e-02 3.876019e-02 1.000000e-03 229.1459047794342 5640.856382369995
25 6.856723e-02 2.985583e-02 6.556271e-02 3.871140e-02 1.000000e-03 232.77088284492493 5873.674518585205
26 6.809886e-02 2.943049e-02 6.562112e-02 3.866837e-02 1.000000e-03 230.43734741210938 6104.155256509781
27 6.779550e-02 2.916007e-02 6.574615e-02 3.863543e-02 1.000000e-03 234.8313615322113 6339.031646490097
28 6.774625e-02 2.915470e-02 6.589842e-02 3.859155e-02 1.000000e-03 229.66567516326904 6568.742014169693
29 6.731556e-02 2.875624e-02 6.611797e-02 3.855932e-02 1.000000e-03 232.8602695465088 6801.651497364044
30 6.713268e-02 2.860809e-02 6.622452e-02 3.852459e-02 1.000000e-03 230.1992256641388 7031.901228427887
31 6.690328e-02 2.841515e-02 6.634178e-02 3.848813e-02 1.000000e-03 233.83595967292786 7265.781829357147
32 6.687805e-02 2.842153e-02 6.645679e-02 3.845653e-02 1.000000e-03 229.83049201965332 7495.6604471206665
33 6.665023e-02 2.822408e-02 6.651529e-02 3.842615e-02 1.000000e-03 233.98452758789062 7729.691036701202
34 6.633145e-02 2.793002e-02 6.652081e-02 3.840144e-02 1.000000e-03 232.66824054718018 7962.407503604889
35 6.623488e-02 2.786155e-02 6.659261e-02 3.837333e-02 1.000000e-03 235.3857741355896 8197.833328485489
36 6.591223e-02 2.756295e-02 6.667422e-02 3.834927e-02 1.000000e-03 230.98568058013916 8428.865826845169
37 6.606625e-02 2.774346e-02 6.679382e-02 3.832279e-02 1.000000e-03 234.11782217025757 8663.028542280197
38 6.578884e-02 2.748566e-02 6.684817e-02 3.830319e-02 1.000000e-03 229.34830856323242 8892.408855676651
39 6.562762e-02 2.735014e-02 6.687390e-02 3.827748e-02 1.000000e-03 236.34970927238464 9128.798317670822
40 6.545293e-02 2.719474e-02 6.681593e-02 3.825819e-02 1.000000e-03 231.90083265304565 9360.748328924179
41 6.538526e-02 2.714561e-02 6.680279e-02 3.823964e-02 1.000000e-03 235.95873188972473 9596.75721669197
42 6.533790e-02 2.712316e-02 6.684272e-02 3.821474e-02 1.000000e-03 231.73184061050415 9828.534199476242
43 6.521681e-02 2.702048e-02 6.685545e-02 3.819633e-02 1.000000e-03 235.4438579082489 10064.026559114456
44 6.515865e-02 2.698251e-02 6.696721e-02 3.817614e-02 1.000000e-03 232.32378220558167 10296.395783185959
45 6.500179e-02 2.684115e-02 6.691762e-02 3.816064e-02 1.000000e-03 237.36918687820435 10533.81385397911
46 6.479784e-02 2.665548e-02 6.698845e-02 3.814236e-02 1.000000e-03 231.84728479385376 10765.709689378738
47 6.489355e-02 2.677069e-02 6.704870e-02 3.812286e-02 1.000000e-03 234.63697981834412 11000.393781900406
48 6.479696e-02 2.669031e-02 6.695388e-02 3.810664e-02 1.000000e-03 234.52538347244263 11234.95530462265
49 6.479175e-02 2.670277e-02 6.699107e-02 3.808898e-02 1.000000e-03 235.6608967781067 11470.662187814713
50 6.458703e-02 2.650754e-02 6.698068e-02 3.807948e-02 1.000000e-03 231.26963901519775 11701.983019590378
51 6.450527e-02 2.644173e-02 6.706073e-02 3.806353e-02 1.000000e-03 233.3127245903015 11935.340550422668
52 6.447516e-02 2.642700e-02 6.716620e-02 3.804815e-02 1.000000e-03 232.3592848777771 12167.75481247902
53 6.430803e-02 2.626975e-02 6.711738e-02 3.803828e-02 1.000000e-03 235.84974360466003 12403.653146505356
54 6.428067e-02 2.625853e-02 6.712520e-02 3.802214e-02 1.000000e-03 231.2020926475525 12634.896565437317
55 6.419713e-02 2.618676e-02 6.714546e-02 3.801037e-02 1.000000e-03 236.8346724510193 12871.77906703949
56 6.412640e-02 2.612874e-02 6.715807e-02 3.799765e-02 1.000000e-03 231.7376663684845 13103.557049512863
57 6.412168e-02 2.613779e-02 6.713015e-02 3.798389e-02 1.000000e-03 236.77259230613708 13340.374747276306
58 6.413473e-02 2.616246e-02 6.714049e-02 3.797227e-02 1.000000e-03 232.13275694847107 13572.554959058762
59 6.407603e-02 2.611771e-02 6.709103e-02 3.795832e-02 1.000000e-03 235.88881397247314 13808.479012727737
60 6.394748e-02 2.599651e-02 6.711846e-02 3.795097e-02 1.000000e-03 232.90830755233765 14041.42981338501
