epoch	 loss	 RMSE_Etot	 RMSE_Ei	 RMSE_F	 real_lr	 epoch_time	 wall_time
1 2.477191e+00 2.414816e+00 8.174775e+00 6.237506e-02 1.000000e-03 653.0883259773254 653.1004359722137
2 5.214370e-02 4.597621e-02 8.173539e+00 6.167499e-03 1.000000e-03 650.7826220989227 1303.940267086029
3 2.770030e-02 2.247977e-02 8.167848e+00 5.220522e-03 1.000000e-03 641.0329415798187 1945.0184445381165
4 2.559734e-02 2.061498e-02 8.164381e+00 4.982358e-03 1.000000e-03 636.8799502849579 2581.949378013611
5 2.405615e-02 1.922043e-02 8.159143e+00 4.835719e-03 1.000000e-03 636.8218703269958 3218.8234136104584
6 2.353206e-02 1.879136e-02 8.157004e+00 4.740704e-03 1.000000e-03 637.1406753063202 3856.0153901576996
7 2.297168e-02 1.829694e-02 8.155496e+00 4.674738e-03 1.000000e-03 638.1539356708527 4494.219068527222
8 2.241506e-02 1.779480e-02 8.154556e+00 4.620255e-03 1.000000e-03 636.9314289093018 5131.201146364212
9 2.189508e-02 1.731367e-02 8.153446e+00 4.581412e-03 1.000000e-03 638.410651922226 5769.662479877472
10 2.136748e-02 1.681330e-02 8.152488e+00 4.554175e-03 1.000000e-03 639.5375819206238 6409.250150680542
11 2.087865e-02 1.634662e-02 8.152535e+00 4.532031e-03 1.000000e-03 640.4427719116211 7049.755435228348
12 2.032430e-02 1.580880e-02 8.153271e+00 4.515496e-03 1.000000e-03 638.3909730911255 7688.197314500809
13 1.984914e-02 1.534926e-02 8.152896e+00 4.499880e-03 1.000000e-03 638.327586889267 8326.575714111328
14 1.945900e-02 1.497297e-02 8.154368e+00 4.486028e-03 1.000000e-03 635.6662056446075 8962.287904500961
15 1.905053e-02 1.457467e-02 8.154161e+00 4.475864e-03 1.000000e-03 639.7293047904968 9602.060222387314
16 1.856200e-02 1.409455e-02 8.155911e+00 4.467455e-03 1.000000e-03 636.8246846199036 10238.935398817062
17 1.817403e-02 1.371498e-02 8.157626e+00 4.459050e-03 1.000000e-03 636.1377949714661 10875.12233376503
18 1.759433e-02 1.313877e-02 8.159850e+00 4.455556e-03 1.000000e-03 638.2304384708405 11513.40381026268
19 3.529529e-02 3.083227e-02 8.161489e+00 4.463020e-03 1.000000e-03 639.2771542072296 12152.731016159058
20 1.669070e-02 1.224921e-02 8.162884e+00 4.441489e-03 1.000000e-03 650.6229622364044 12803.395350456238
21 1.630869e-02 1.186075e-02 8.162915e+00 4.447942e-03 1.000000e-03 652.3132889270782 13455.786684036255
22 1.575323e-02 1.131570e-02 8.163953e+00 4.437527e-03 1.000000e-03 650.0132672786713 14105.851069450378
23 1.532618e-02 1.089299e-02 8.165176e+00 4.433185e-03 1.000000e-03 641.4000504016876 14747.301293373108
24 1.477609e-02 1.034127e-02 8.165631e+00 4.434820e-03 1.000000e-03 651.5083034038544 15398.855868816376
25 1.535753e-02 1.037260e-02 8.166187e+00 4.984924e-03 1.000000e-03 652.5799260139465 16051.482587099075
26 1.411909e-02 9.649897e-03 8.166330e+00 4.469195e-03 1.000000e-03 647.3708691596985 16698.8946454525
27 1.346545e-02 9.032147e-03 8.166948e+00 4.433307e-03 1.000000e-03 643.1274604797363 17342.14031767845
28 9.160422e-02 5.115785e-02 8.166921e+00 4.044637e-02 1.000000e-03 648.5328562259674 17990.7173204422
29 1.708548e-02 1.175556e-02 8.165551e+00 5.329921e-03 1.000000e-03 650.3438239097595 18641.10078549385
30 1.476275e-02 9.929225e-03 8.165609e+00 4.833525e-03 1.000000e-03 647.6376447677612 19288.77788209915
31 1.410215e-02 9.602186e-03 8.166554e+00 4.499969e-03 1.000000e-03 642.2976775169373 19931.10713338852
32 1.310951e-02 8.656342e-03 8.167883e+00 4.453166e-03 1.000000e-03 639.5815119743347 20570.72141122818
33 1.243363e-02 7.986353e-03 8.168783e+00 4.447277e-03 1.000000e-03 641.684168100357 21212.526056051254
34 1.198645e-02 7.545855e-03 8.169114e+00 4.440591e-03 1.000000e-03 635.2708957195282 21847.846821308136
35 1.155733e-02 7.116798e-03 8.169555e+00 4.440531e-03 1.000000e-03 646.0341827869415 22493.929880857468
36 1.275487e-02 7.145931e-03 8.170000e+00 5.608935e-03 1.000000e-03 648.6385519504547 23142.62113595009
37 1.125284e-02 6.808631e-03 8.169955e+00 4.444207e-03 1.000000e-03 645.9722340106964 23788.623919725418
38 6.476759e+00 3.657134e+00 8.175205e+00 2.819625e+00 1.000000e-03 639.7404205799103 24428.4851770401
39 4.479614e+00 1.578831e-01 8.169710e+00 4.321730e+00 1.000000e-03 647.5254294872284 25076.04970932007
40 1.981669e+00 8.340431e-02 8.170660e+00 1.898265e+00 1.000000e-03 651.1298539638519 25727.219281435013
41 1.047718e+00 4.840512e-02 8.172484e+00 9.993131e-01 1.000000e-03 643.4693074226379 26370.729898929596
42 6.076662e-01 2.964880e-02 8.173258e+00 5.780174e-01 1.000000e-03 643.4029266834259 27014.172069311142
43 4.380663e-01 2.270923e-02 8.173449e+00 4.153571e-01 1.000000e-03 649.7267651557922 27663.93541288376
44 3.183312e-01 1.709619e-02 8.173091e+00 3.012350e-01 1.000000e-03 646.0847594738007 28310.059859514236
45 2.681653e-01 2.962986e-02 8.172783e+00 2.385354e-01 1.000000e-03 638.832765340805 28948.931377649307
46 1.981613e-01 1.773594e-02 8.172255e+00 1.804254e-01 1.000000e-03 645.6142621040344 29594.58668732643
47 1.578234e-01 1.229919e-02 8.172336e+00 1.455242e-01 1.000000e-03 646.6294860839844 30241.254336833954
48 1.275696e-01 1.485250e-02 8.171640e+00 1.127171e-01 1.000000e-03 640.0757160186768 30881.370449543
49 1.332765e-01 9.096718e-03 8.170597e+00 1.241798e-01 1.000000e-03 641.3640060424805 31522.77430844307
50 1.514587e-01 8.102182e-03 8.169777e+00 1.433565e-01 1.000000e-03 649.5380585193634 32172.346964597702
51 1.037001e-01 8.545474e-03 8.169520e+00 9.515462e-02 1.000000e-03 643.4494824409485 32815.82867860794
52 1.466883e-01 7.795699e-03 8.169348e+00 1.388926e-01 1.000000e-03 636.1614420413971 33452.02267599106
53 5.697513e-02 6.887849e-03 8.169194e+00 5.008728e-02 1.000000e-03 648.89386510849 34100.953397512436
54 1.667987e-01 2.912708e-02 8.169037e+00 1.376716e-01 1.000000e-03 648.5406062602997 34749.53602075577
55 1.696494e-01 2.349784e-02 8.170125e+00 1.461515e-01 1.000000e-03 646.2560267448425 35395.82881999016
56 1.043803e-01 1.390937e-02 8.170748e+00 9.047088e-02 1.000000e-03 641.5185198783875 36037.38613629341
57 9.094169e-02 1.105077e-02 8.170729e+00 7.989093e-02 1.000000e-03 639.5215063095093 36676.94293928146
58 6.811224e-02 9.802452e-03 8.170662e+00 5.830979e-02 1.000000e-03 643.0601968765259 37320.036938905716
59 5.797874e-02 9.338609e-03 8.170534e+00 4.864014e-02 1.000000e-03 638.6386144161224 37958.70669841766
60 5.796026e-02 1.208605e-02 8.170359e+00 4.587421e-02 1.000000e-03 642.1393167972565 38600.88581085205
