epoch	 loss	 RMSE_Etot	 RMSE_Ei	 RMSE_F	 real_lr	 epoch_time	 wall_time
1 1.590051e+01 1.556925e+01 0.000000e+00 3.312541e-01 1.000000e-03 48.293030977249146 48.307374477386475
2 2.695544e+00 2.559621e+00 0.000000e+00 1.359229e-01 9.500064e-04 34.09988021850586 82.46024465560913
3 4.176627e+00 4.053359e+00 0.000000e+00 1.232677e-01 9.500064e-04 34.19967722892761 116.70440793037415
4 2.216880e+00 2.103754e+00 0.000000e+00 1.131255e-01 9.500064e-04 34.323378801345825 151.0574667453766
5 2.806573e+00 2.701632e+00 0.000000e+00 1.049410e-01 9.500064e-04 34.36869478225708 185.47104811668396
6 2.687047e+00 2.588680e+00 0.000000e+00 9.836695e-02 9.500064e-04 34.079222202301025 219.5840084552765
7 2.402961e+00 2.307348e+00 0.000000e+00 9.561257e-02 9.500064e-04 34.31492829322815 253.9303457736969
8 2.408129e+00 2.314811e+00 0.000000e+00 9.331783e-02 9.500064e-04 34.28262639045715 288.23856258392334
9 1.598505e+00 1.506472e+00 0.000000e+00 9.203350e-02 9.500064e-04 34.855770111083984 323.1276216506958
10 1.436028e+00 1.346799e+00 0.000000e+00 8.922894e-02 9.500064e-04 34.11925721168518 357.3187017440796
11 1.565030e+00 1.475894e+00 0.000000e+00 8.913606e-02 9.500064e-04 34.54911494255066 391.9127788543701
12 1.178128e+00 1.090533e+00 0.000000e+00 8.759576e-02 9.500064e-04 34.15783333778381 426.10565543174744
13 1.301365e+00 1.215072e+00 0.000000e+00 8.629353e-02 9.500064e-04 34.61899733543396 460.7672998905182
14 1.514343e+00 1.428915e+00 0.000000e+00 8.542720e-02 9.500064e-04 34.05598187446594 494.8573637008667
15 1.413959e+00 1.329605e+00 0.000000e+00 8.435385e-02 9.500064e-04 34.27215647697449 529.1617033481598
16 1.274838e+00 1.191471e+00 0.000000e+00 8.336750e-02 9.500064e-04 35.00309443473816 564.1988024711609
17 1.612135e+00 1.528104e+00 0.000000e+00 8.403051e-02 9.500064e-04 34.3171169757843 598.5515050888062
18 1.490129e+00 1.407389e+00 0.000000e+00 8.274004e-02 9.500064e-04 34.46074414253235 633.043018579483
19 1.151548e+00 1.068590e+00 0.000000e+00 8.295819e-02 9.500064e-04 34.181938886642456 667.2566287517548
20 1.269161e+00 1.187197e+00 0.000000e+00 8.196448e-02 9.500064e-04 34.658355474472046 701.9509794712067
21 1.290228e+00 1.208750e+00 0.000000e+00 8.147791e-02 9.025122e-04 34.8158860206604 736.839161157608
22 1.021753e+00 9.413157e-01 0.000000e+00 8.043732e-02 9.025122e-04 34.68688750267029 771.5571503639221
23 8.725978e-01 7.929144e-01 0.000000e+00 7.968342e-02 9.025122e-04 40.4043664932251 812.0084331035614
24 9.793337e-01 8.997274e-01 0.000000e+00 7.960621e-02 9.025122e-04 34.772603034973145 846.8260681629181
25 9.882559e-01 9.096240e-01 0.000000e+00 7.863189e-02 9.025122e-04 34.376728773117065 881.2364413738251
26 1.086819e+00 1.008147e+00 0.000000e+00 7.867239e-02 9.025122e-04 34.218321561813354 915.4875321388245
27 9.955196e-01 9.177753e-01 0.000000e+00 7.774426e-02 9.025122e-04 34.13025712966919 949.6513736248016
28 9.390611e-01 8.623215e-01 0.000000e+00 7.673961e-02 9.025122e-04 34.341803789138794 984.0212693214417
29 9.835405e-01 9.072067e-01 0.000000e+00 7.633383e-02 9.025122e-04 34.64401984214783 1018.6980159282684
30 1.012099e+00 9.358967e-01 0.000000e+00 7.620230e-02 9.025122e-04 34.89103055000305 1053.6229622364044
31 1.085217e+00 1.009633e+00 0.000000e+00 7.558341e-02 9.025122e-04 34.20219945907593 1087.856380701065
32 1.036467e+00 9.618194e-01 0.000000e+00 7.464748e-02 9.025122e-04 34.68356466293335 1122.5796401500702
33 1.206492e+00 1.132585e+00 0.000000e+00 7.390650e-02 9.025122e-04 35.02983999252319 1157.643357038498
34 1.277023e+00 1.203305e+00 0.000000e+00 7.371869e-02 9.025122e-04 34.20992684364319 1191.8864922523499
35 1.181730e+00 1.108570e+00 0.000000e+00 7.316035e-02 9.025122e-04 34.338653564453125 1226.2563290596008
36 1.070667e+00 9.968358e-01 0.000000e+00 7.383082e-02 9.025122e-04 33.99528956413269 1260.2844014167786
37 1.481524e+00 1.408205e+00 0.000000e+00 7.331955e-02 9.025122e-04 33.97951531410217 1294.299118757248
38 1.074840e+00 1.002463e+00 0.000000e+00 7.237679e-02 9.025122e-04 34.248767375946045 1328.5824971199036
39 1.414936e+00 1.341834e+00 0.000000e+00 7.310186e-02 9.025122e-04 34.71308922767639 1363.3317906856537
40 1.330838e+00 1.258458e+00 0.000000e+00 7.238002e-02 9.025122e-04 34.91677165031433 1398.2783329486847
41 1.149972e+00 1.078066e+00 0.000000e+00 7.190563e-02 8.573924e-04 34.79072093963623 1433.1000909805298
42 1.107152e+00 1.035401e+00 0.000000e+00 7.175091e-02 8.573924e-04 34.944676876068115 1468.0806539058685
43 1.297655e+00 1.226871e+00 0.000000e+00 7.078380e-02 8.573924e-04 34.73277163505554 1502.8376421928406
44 1.194195e+00 1.122720e+00 0.000000e+00 7.147468e-02 8.573924e-04 34.29703736305237 1537.167563199997
45 8.925453e-01 8.221923e-01 0.000000e+00 7.035305e-02 8.573924e-04 34.2691867351532 1571.468497991562
46 1.192999e+00 1.121986e+00 0.000000e+00 7.101224e-02 8.573924e-04 33.99030327796936 1605.4948513507843
47 1.193224e+00 1.123333e+00 0.000000e+00 6.989133e-02 8.573924e-04 34.659422159194946 1640.1862833499908
48 8.758036e-01 8.064149e-01 0.000000e+00 6.938868e-02 8.573924e-04 34.31864285469055 1674.5392940044403
49 1.079443e+00 1.010234e+00 0.000000e+00 6.920898e-02 8.573924e-04 34.71710276603699 1709.2892727851868
50 1.491313e+00 1.421669e+00 0.000000e+00 6.964415e-02 8.573924e-04 34.569273233413696 1743.8922736644745
51 1.115762e+00 1.047145e+00 0.000000e+00 6.861657e-02 8.573924e-04 34.614808559417725 1778.541657924652
52 1.141456e+00 1.072681e+00 0.000000e+00 6.877507e-02 8.573924e-04 34.88000559806824 1813.4542026519775
53 9.548388e-01 8.861153e-01 0.000000e+00 6.872350e-02 8.573924e-04 34.419533252716064 1847.9053981304169
54 9.932155e-01 9.254017e-01 0.000000e+00 6.781386e-02 8.573924e-04 35.06458258628845 1883.0060036182404
55 9.120435e-01 8.446014e-01 0.000000e+00 6.744205e-02 8.573924e-04 34.84924364089966 1917.9157872200012
56 1.079643e+00 1.012316e+00 0.000000e+00 6.732765e-02 8.573924e-04 34.271180629730225 1952.2229323387146
57 9.729176e-01 9.055191e-01 0.000000e+00 6.739850e-02 8.573924e-04 34.06499934196472 1986.3204145431519
58 8.037061e-01 7.360513e-01 0.000000e+00 6.765478e-02 8.573924e-04 34.406293630599976 2020.76074051857
59 1.046410e+00 9.795214e-01 0.000000e+00 6.688847e-02 8.573924e-04 33.70217227935791 2054.513746023178
60 9.471582e-01 8.804258e-01 0.000000e+00 6.673241e-02 8.145282e-04 34.748626947402954 2089.2932422161102
61 9.770537e-01 9.105732e-01 0.000000e+00 6.648048e-02 8.145282e-04 34.304203033447266 2123.632607936859
62 9.967164e-01 9.308189e-01 0.000000e+00 6.589753e-02 8.145282e-04 33.82766842842102 2157.4903473854065
63 8.178200e-01 7.511896e-01 0.000000e+00 6.663038e-02 8.145282e-04 34.1145133972168 2191.6409800052643
64 8.768668e-01 8.111653e-01 0.000000e+00 6.570150e-02 8.145282e-04 34.80797791481018 2226.47957611084
65 7.863458e-01 7.209296e-01 0.000000e+00 6.541619e-02 8.145282e-04 33.87796950340271 2260.3915388584137
66 7.827430e-01 7.175326e-01 0.000000e+00 6.521036e-02 8.145282e-04 33.61886215209961 2294.052540063858
67 7.463135e-01 6.811467e-01 0.000000e+00 6.516686e-02 8.145282e-04 34.1879243850708 2328.282942533493
68 9.666005e-01 9.013390e-01 0.000000e+00 6.526148e-02 8.145282e-04 34.69943380355835 2363.0271253585815
69 9.575803e-01 8.928447e-01 0.000000e+00 6.473559e-02 8.145282e-04 34.05750894546509 2397.119392156601
70 1.002068e+00 9.372147e-01 0.000000e+00 6.485319e-02 8.145282e-04 34.213977098464966 2431.359837293625
71 1.083827e+00 1.019054e+00 0.000000e+00 6.477359e-02 8.145282e-04 34.22416591644287 2465.614393234253
72 8.778436e-01 8.137489e-01 0.000000e+00 6.409469e-02 8.145282e-04 34.60927629470825 2500.256464242935
73 6.261570e-01 5.621115e-01 0.000000e+00 6.404547e-02 8.145282e-04 34.975603342056274 2535.2648277282715
74 9.378997e-01 8.736037e-01 0.000000e+00 6.429602e-02 8.145282e-04 34.38115215301514 2569.687488794327
75 7.960036e-01 7.321727e-01 0.000000e+00 6.383091e-02 8.145282e-04 35.013880014419556 2604.7326447963715
76 8.007853e-01 7.376289e-01 0.000000e+00 6.315639e-02 8.145282e-04 34.84189987182617 2639.6063668727875
77 8.254415e-01 7.619253e-01 0.000000e+00 6.351620e-02 8.145282e-04 34.85740303993225 2674.4986650943756
78 7.669042e-01 7.035325e-01 0.000000e+00 6.337171e-02 8.145282e-04 34.04925608634949 2708.5797600746155
79 7.744217e-01 7.114444e-01 0.000000e+00 6.297722e-02 8.145282e-04 34.687795639038086 2743.303253889084
80 9.450980e-01 8.825406e-01 0.000000e+00 6.255741e-02 7.738070e-04 34.08829951286316 2777.4290976524353
81 7.678367e-01 7.054314e-01 0.000000e+00 6.240530e-02 7.738070e-04 34.41438174247742 2811.8803975582123
82 6.769210e-01 6.140273e-01 0.000000e+00 6.289369e-02 7.738070e-04 34.077502965927124 2845.9896607398987
83 7.621390e-01 6.999756e-01 0.000000e+00 6.216340e-02 7.738070e-04 33.41092824935913 2879.4340546131134
84 8.759571e-01 8.138960e-01 0.000000e+00 6.206110e-02 7.738070e-04 33.89948654174805 2913.3614690303802
85 7.127672e-01 6.505192e-01 0.000000e+00 6.224799e-02 7.738070e-04 34.21521282196045 2947.6075558662415
86 7.344973e-01 6.729405e-01 0.000000e+00 6.155678e-02 7.738070e-04 33.582937240600586 2981.242707014084
87 9.230075e-01 8.614155e-01 0.000000e+00 6.159194e-02 7.738070e-04 34.18741416931152 3015.4637269973755
88 6.075453e-01 5.460020e-01 0.000000e+00 6.154326e-02 7.738070e-04 34.258195877075195 3049.754071712494
89 8.209015e-01 7.599096e-01 0.000000e+00 6.099195e-02 7.738070e-04 34.20114254951477 3083.9975023269653
90 8.362010e-01 7.748281e-01 0.000000e+00 6.137285e-02 7.738070e-04 34.35715126991272 3118.386595249176
91 8.205237e-01 7.592414e-01 0.000000e+00 6.128229e-02 7.738070e-04 34.641685485839844 3153.0614669322968
92 7.720095e-01 7.112062e-01 0.000000e+00 6.080336e-02 7.738070e-04 33.20952367782593 3186.3038351535797
93 6.124208e-01 5.515737e-01 0.000000e+00 6.084708e-02 7.738070e-04 33.86237573623657 3220.197160720825
94 7.404974e-01 6.798471e-01 0.000000e+00 6.065025e-02 7.738070e-04 33.81584358215332 3254.0438017845154
95 1.032425e+00 9.711321e-01 0.000000e+00 6.129336e-02 7.738070e-04 33.628072023391724 3287.7087049484253
96 6.054345e-01 5.451697e-01 0.000000e+00 6.026474e-02 7.738070e-04 34.21863794326782 3321.9609503746033
97 6.851460e-01 6.251057e-01 0.000000e+00 6.004031e-02 7.738070e-04 33.93209719657898 3355.9346268177032
98 8.840934e-01 8.238573e-01 0.000000e+00 6.023611e-02 7.738070e-04 34.16734313964844 3390.135848045349
99 6.437938e-01 5.838831e-01 0.000000e+00 5.991073e-02 7.351217e-04 33.823901891708374 3423.990151643753
100 7.906287e-01 7.308086e-01 0.000000e+00 5.982007e-02 7.351217e-04 34.76763033866882 3458.7913825511932
101 6.429137e-01 5.828311e-01 0.000000e+00 6.008257e-02 7.351217e-04 34.166668176651 3492.992129802704
102 5.016340e-01 4.420291e-01 0.000000e+00 5.960495e-02 7.351217e-04 34.37476849555969 3527.4025614261627
103 8.249378e-01 7.651808e-01 0.000000e+00 5.975700e-02 7.351217e-04 34.019362688064575 3561.4639189243317
104 6.775052e-01 6.174863e-01 0.000000e+00 6.001891e-02 7.351217e-04 34.338881492614746 3595.834681749344
105 7.413562e-01 6.817010e-01 0.000000e+00 5.965521e-02 7.351217e-04 34.289541721343994 3630.1593968868256
106 8.695580e-01 8.103502e-01 0.000000e+00 5.920780e-02 7.351217e-04 33.98830986022949 3664.18017077446
107 7.174684e-01 6.579537e-01 0.000000e+00 5.951469e-02 7.351217e-04 34.55940818786621 3698.7648062705994
108 5.763899e-01 5.171154e-01 0.000000e+00 5.927456e-02 7.351217e-04 33.646782636642456 3732.443572998047
109 6.430992e-01 5.843264e-01 0.000000e+00 5.877279e-02 7.351217e-04 33.980416774749756 3766.4553015232086
110 1.001506e+00 9.420534e-01 0.000000e+00 5.945272e-02 7.351217e-04 34.46252679824829 3800.949334859848
111 5.070250e-01 4.481044e-01 0.000000e+00 5.892055e-02 7.351217e-04 33.81883192062378 3834.8031570911407
112 7.143549e-01 6.558017e-01 0.000000e+00 5.855329e-02 7.351217e-04 34.00619077682495 3868.840100288391
113 6.158144e-01 5.569393e-01 0.000000e+00 5.887515e-02 7.351217e-04 34.05819606781006 3902.931791305542
114 8.075157e-01 7.489176e-01 0.000000e+00 5.859810e-02 7.351217e-04 34.73666310310364 3937.699675321579
115 6.802549e-01 6.217679e-01 0.000000e+00 5.848695e-02 7.351217e-04 34.59296536445618 3972.326224565506
116 6.086210e-01 5.506225e-01 0.000000e+00 5.799858e-02 7.351217e-04 34.0737521648407 4006.4320044517517
117 6.509891e-01 5.926497e-01 0.000000e+00 5.833939e-02 7.351217e-04 33.47954273223877 4039.942375898361
118 7.734039e-01 7.147790e-01 0.000000e+00 5.862491e-02 7.351217e-04 34.484899282455444 4074.4526674747467
119 5.519233e-01 4.939691e-01 0.000000e+00 5.795427e-02 6.983703e-04 34.400208711624146 4108.886786699295
120 7.295738e-01 6.715570e-01 0.000000e+00 5.801676e-02 6.983703e-04 33.840553522109985 4142.760737657547
121 8.187012e-01 7.607169e-01 0.000000e+00 5.798430e-02 6.983703e-04 34.67859983444214 4177.474100351334
122 7.028539e-01 6.450353e-01 0.000000e+00 5.781859e-02 6.983703e-04 34.34711456298828 4211.855148077011
123 7.595013e-01 7.015180e-01 0.000000e+00 5.798337e-02 6.983703e-04 34.00544476509094 4245.885537147522
124 5.881662e-01 5.305617e-01 0.000000e+00 5.760447e-02 6.983703e-04 33.91812324523926 4279.840151548386
125 6.498611e-01 5.924212e-01 0.000000e+00 5.743991e-02 6.983703e-04 33.63903999328613 4313.515624523163
126 6.805078e-01 6.231079e-01 0.000000e+00 5.739990e-02 6.983703e-04 33.9175443649292 4347.459577798843
127 6.636517e-01 6.059698e-01 0.000000e+00 5.768198e-02 6.983703e-04 33.60247588157654 4381.0962789058685
128 9.567355e-01 8.989794e-01 0.000000e+00 5.775609e-02 6.983703e-04 33.72005915641785 4414.847661018372
129 7.526489e-01 6.952299e-01 0.000000e+00 5.741902e-02 6.983703e-04 34.44326663017273 4449.322914838791
130 7.004295e-01 6.430100e-01 0.000000e+00 5.741945e-02 6.983703e-04 33.861281394958496 4483.210980415344
131 6.195145e-01 5.624064e-01 0.000000e+00 5.710811e-02 6.983703e-04 33.33057236671448 4516.575913667679
132 6.626913e-01 6.055265e-01 0.000000e+00 5.716481e-02 6.983703e-04 33.26850199699402 4549.8739602565765
133 7.976675e-01 7.406806e-01 0.000000e+00 5.698694e-02 6.983703e-04 33.805760860443115 4583.714915275574
134 5.243404e-01 4.673954e-01 0.000000e+00 5.694504e-02 6.983703e-04 33.81985378265381 4617.565795183182
135 7.300233e-01 6.734074e-01 0.000000e+00 5.661595e-02 6.983703e-04 34.07034134864807 4651.666678190231
136 7.335758e-01 6.767793e-01 0.000000e+00 5.679644e-02 6.983703e-04 34.13299489021301 4685.833409070969
137 7.238075e-01 6.672422e-01 0.000000e+00 5.656530e-02 6.983703e-04 34.399234771728516 4720.266337633133
138 6.472252e-01 5.902618e-01 0.000000e+00 5.696338e-02 6.634562e-04 34.01176428794861 4754.312660932541
139 7.190740e-01 6.625281e-01 0.000000e+00 5.654592e-02 6.634562e-04 33.98821496963501 4788.3328976631165
140 6.816859e-01 6.248246e-01 0.000000e+00 5.686122e-02 6.634562e-04 34.7252733707428 4823.0887269973755
141 7.781650e-01 7.217475e-01 0.000000e+00 5.641747e-02 6.634562e-04 34.3805718421936 4857.5021777153015
142 7.694930e-01 7.130897e-01 0.000000e+00 5.640328e-02 6.634562e-04 33.928155183792114 4891.461886882782
143 6.532351e-01 5.968744e-01 0.000000e+00 5.636065e-02 6.634562e-04 34.7961585521698 4926.290381908417
144 7.951487e-01 7.389570e-01 0.000000e+00 5.619166e-02 6.634562e-04 34.39562273025513 4960.719375371933
145 1.032037e+00 9.756293e-01 0.000000e+00 5.640821e-02 6.634562e-04 34.800899267196655 4995.5529544353485
146 6.717000e-01 6.156203e-01 0.000000e+00 5.607978e-02 6.634562e-04 34.004865884780884 5029.594967365265
147 8.341402e-01 7.781185e-01 0.000000e+00 5.602167e-02 6.634562e-04 34.13263535499573 5063.760486364365
148 7.483918e-01 6.924039e-01 0.000000e+00 5.598789e-02 6.634562e-04 34.23193120956421 5098.023032665253
149 6.137760e-01 5.578965e-01 0.000000e+00 5.587952e-02 6.634562e-04 35.01509714126587 5133.070332765579
150 7.110562e-01 6.548722e-01 0.000000e+00 5.618395e-02 6.634562e-04 34.156474590301514 5167.261686563492
151 5.288931e-01 4.730607e-01 0.000000e+00 5.583246e-02 6.634562e-04 34.0718309879303 5201.368406057358
152 6.211952e-01 5.654115e-01 0.000000e+00 5.578374e-02 6.634562e-04 34.08710741996765 5235.488133907318
153 6.276839e-01 5.721267e-01 0.000000e+00 5.555726e-02 6.634562e-04 34.16106581687927 5269.6796588897705
154 7.015780e-01 6.460318e-01 0.000000e+00 5.554615e-02 6.634562e-04 34.716176986694336 5304.425491094589
155 6.223766e-01 5.667681e-01 0.000000e+00 5.560847e-02 6.634562e-04 34.629270792007446 5339.088422775269
156 6.809359e-01 6.256784e-01 0.000000e+00 5.525747e-02 6.634562e-04 34.74470853805542 5373.8623723983765
157 8.038264e-01 7.486825e-01 0.000000e+00 5.514392e-02 6.634562e-04 34.35402178764343 5408.249348640442
158 8.344704e-01 7.791046e-01 0.000000e+00 5.536572e-02 6.302877e-04 34.433762311935425 5442.721035718918
159 7.241980e-01 6.689412e-01 0.000000e+00 5.525682e-02 6.302877e-04 34.64059853553772 5477.392228126526
160 8.176130e-01 7.622970e-01 0.000000e+00 5.531600e-02 6.302877e-04 34.31487512588501 5511.7403173446655
161 7.287221e-01 6.734485e-01 0.000000e+00 5.527365e-02 6.302877e-04 34.187676191329956 5545.952666044235
162 5.582840e-01 5.032782e-01 0.000000e+00 5.500577e-02 6.302877e-04 33.98388695716858 5579.971036195755
163 7.131069e-01 6.582294e-01 0.000000e+00 5.487744e-02 6.302877e-04 34.57564663887024 5614.580306768417
164 7.772765e-01 7.223578e-01 0.000000e+00 5.491869e-02 6.302877e-04 34.28722810745239 5648.899951219559
165 7.574567e-01 7.026288e-01 0.000000e+00 5.482786e-02 6.302877e-04 34.574626207351685 5683.5046281814575
166 6.365441e-01 5.815992e-01 0.000000e+00 5.494495e-02 6.302877e-04 34.390461921691895 5717.929924488068
167 5.721065e-01 5.174931e-01 0.000000e+00 5.461339e-02 6.302877e-04 34.860594034194946 5752.824214935303
168 7.210628e-01 6.662714e-01 0.000000e+00 5.479137e-02 6.302877e-04 34.56487822532654 5787.421172142029
169 5.724850e-01 5.179801e-01 0.000000e+00 5.450490e-02 6.302877e-04 34.77931213378906 5822.234202384949
170 8.841567e-01 8.295608e-01 0.000000e+00 5.459593e-02 6.302877e-04 34.48063111305237 5856.741135120392
171 6.295349e-01 5.750568e-01 0.000000e+00 5.447806e-02 6.302877e-04 34.584335803985596 5891.359672307968
172 7.786644e-01 7.243277e-01 0.000000e+00 5.433670e-02 6.302877e-04 34.4590106010437 5925.851731061935
173 7.126957e-01 6.585737e-01 0.000000e+00 5.412200e-02 6.302877e-04 33.75123596191406 5959.629102468491
174 6.390273e-01 5.845789e-01 0.000000e+00 5.444839e-02 6.302877e-04 33.94840121269226 5993.612519264221
175 7.731739e-01 7.191604e-01 0.000000e+00 5.401345e-02 6.302877e-04 34.23882460594177 6027.883432865143
176 7.098431e-01 6.555168e-01 0.000000e+00 5.432635e-02 6.302877e-04 34.117430686950684 6062.032361507416
177 8.021048e-01 7.479059e-01 0.000000e+00 5.419894e-02 5.987773e-04 34.68284893035889 6096.746563673019
178 6.757793e-01 6.219178e-01 0.000000e+00 5.386151e-02 5.987773e-04 34.34475517272949 6131.122014284134
179 7.281189e-01 6.740260e-01 0.000000e+00 5.409286e-02 5.987773e-04 34.522178173065186 6165.6742424964905
180 8.677722e-01 8.137710e-01 0.000000e+00 5.400129e-02 5.987773e-04 33.494887828826904 6199.203529834747
181 7.454388e-01 6.916812e-01 0.000000e+00 5.375764e-02 5.987773e-04 33.90705156326294 6233.140862226486
182 8.135308e-01 7.595452e-01 0.000000e+00 5.398561e-02 5.987773e-04 33.61948585510254 6266.79171705246
183 7.389109e-01 6.851675e-01 0.000000e+00 5.374346e-02 5.987773e-04 33.52078318595886 6300.342940568924
184 6.780809e-01 6.241770e-01 0.000000e+00 5.390394e-02 5.987773e-04 34.040799617767334 6334.417768001556
185 6.684354e-01 6.148257e-01 0.000000e+00 5.360964e-02 5.987773e-04 33.69125747680664 6368.139533996582
186 7.556504e-01 7.022999e-01 0.000000e+00 5.335043e-02 5.987773e-04 33.60936999320984 6401.781338453293
187 7.339728e-01 6.803466e-01 0.000000e+00 5.362620e-02 5.987773e-04 33.78123164176941 6435.597729921341
188 6.945708e-01 6.409194e-01 0.000000e+00 5.365141e-02 5.987773e-04 33.62237596511841 6469.253217697144
189 6.196609e-01 5.658230e-01 0.000000e+00 5.383783e-02 5.987773e-04 33.62317442893982 6502.912136316299
190 7.077223e-01 6.543958e-01 0.000000e+00 5.332652e-02 5.987773e-04 34.19548773765564 6537.139965057373
191 7.545415e-01 7.012507e-01 0.000000e+00 5.329088e-02 5.987773e-04 33.7300443649292 6570.902386188507
192 7.330397e-01 6.798129e-01 0.000000e+00 5.322680e-02 5.987773e-04 33.6658718585968 6604.600427389145
193 7.348259e-01 6.816743e-01 0.000000e+00 5.315166e-02 5.987773e-04 34.72155261039734 6639.353495121002
194 7.795962e-01 7.264383e-01 0.000000e+00 5.315783e-02 5.987773e-04 34.11013197898865 6673.4952828884125
195 7.681415e-01 7.150148e-01 0.000000e+00 5.312668e-02 5.987773e-04 34.75452947616577 6708.284059286118
196 7.358323e-01 6.828759e-01 0.000000e+00 5.295644e-02 5.987773e-04 34.16499924659729 6742.478001832962
197 7.787231e-01 7.256140e-01 0.000000e+00 5.310914e-02 5.688423e-04 34.14182710647583 6776.6511425971985
198 6.701192e-01 6.169290e-01 0.000000e+00 5.319011e-02 5.688423e-04 34.565043449401855 6811.248818635941
199 6.175578e-01 5.645550e-01 0.000000e+00 5.300275e-02 5.688423e-04 33.708377838134766 6844.989274263382
200 8.020560e-01 7.491301e-01 0.000000e+00 5.292585e-02 5.688423e-04 34.25470948219299 6879.279064178467
201 7.593421e-01 7.064213e-01 0.000000e+00 5.292081e-02 5.688423e-04 34.11546874046326 6913.423599481583
202 7.641370e-01 7.115385e-01 0.000000e+00 5.259851e-02 5.688423e-04 34.00731587409973 6947.460686206818
203 7.251156e-01 6.721144e-01 0.000000e+00 5.300121e-02 5.688423e-04 33.9053840637207 6981.3936088085175
204 2.993058e+00 2.896031e+00 0.000000e+00 9.702704e-02 5.688423e-04 34.26818060874939 7015.692423582077
205 5.911180e-01 5.210838e-01 0.000000e+00 7.003421e-02 5.688423e-04 33.881720542907715 7049.601449728012
206 6.398042e-01 5.746825e-01 0.000000e+00 6.512171e-02 5.688423e-04 34.22260785102844 7083.854933977127
207 5.488719e-01 4.861027e-01 0.000000e+00 6.276917e-02 5.688423e-04 33.747666358947754 7117.63347864151
208 5.653430e-01 5.036822e-01 0.000000e+00 6.166078e-02 5.688423e-04 33.928088665008545 7151.594180107117
209 5.769493e-01 5.161483e-01 0.000000e+00 6.080102e-02 5.688423e-04 34.20094084739685 7185.828094482422
210 5.851749e-01 5.247521e-01 0.000000e+00 6.042281e-02 5.688423e-04 34.251710414886475 7220.110348701477
211 6.807804e-01 6.207545e-01 0.000000e+00 6.002584e-02 5.688423e-04 34.62427043914795 7254.761450767517
212 7.181844e-01 6.589089e-01 0.000000e+00 5.927555e-02 5.688423e-04 33.82879304885864 7288.620128393173
213 6.822171e-01 6.232177e-01 0.000000e+00 5.899945e-02 5.688423e-04 33.93610143661499 7322.584003210068
214 6.724234e-01 6.139513e-01 0.000000e+00 5.847207e-02 5.688423e-04 34.66973900794983 7357.286374092102
215 7.097137e-01 6.515742e-01 0.000000e+00 5.813957e-02 5.688423e-04 33.51137185096741 7390.829779148102
216 7.135680e-01 6.555962e-01 0.000000e+00 5.797187e-02 5.404038e-04 33.46083188056946 7424.320415735245
217 8.120390e-01 7.543631e-01 0.000000e+00 5.767591e-02 5.404038e-04 34.30497074127197 7458.657513618469
218 8.885618e-01 8.310041e-01 0.000000e+00 5.755776e-02 5.404038e-04 34.37194848060608 7493.060540437698
219 8.160408e-01 7.589571e-01 0.000000e+00 5.708368e-02 5.404038e-04 34.37949085235596 7527.471219062805
220 7.470114e-01 6.900036e-01 0.000000e+00 5.700781e-02 5.404038e-04 33.87460684776306 7561.377542972565
221 7.190647e-01 6.623371e-01 0.000000e+00 5.672761e-02 5.404038e-04 34.33146786689758 7595.7414808273315
222 7.386709e-01 6.821455e-01 0.000000e+00 5.652534e-02 5.404038e-04 33.81190323829651 7629.584323644638
223 8.009375e-01 7.444178e-01 0.000000e+00 5.651976e-02 5.404038e-04 34.010693311691284 7663.619964599609
224 8.324633e-01 7.762193e-01 0.000000e+00 5.624395e-02 5.404038e-04 34.425331354141235 7698.076393842697
225 8.166147e-01 7.602306e-01 0.000000e+00 5.638408e-02 5.404038e-04 34.46097421646118 7732.570104837418
226 8.131443e-01 7.570955e-01 0.000000e+00 5.604885e-02 5.404038e-04 34.77537536621094 7767.381211519241
227 6.758839e-01 6.201639e-01 0.000000e+00 5.571998e-02 5.404038e-04 34.613417625427246 7802.028400182724
228 7.496071e-01 6.937846e-01 0.000000e+00 5.582245e-02 5.404038e-04 34.48756670951843 7836.542694091797
229 7.544924e-01 6.987117e-01 0.000000e+00 5.578069e-02 5.404038e-04 34.42327380180359 7870.995885133743
230 7.281400e-01 6.725316e-01 0.000000e+00 5.560837e-02 5.404038e-04 34.57916045188904 7905.606403827667
231 8.751583e-01 8.195843e-01 0.000000e+00 5.557403e-02 5.404038e-04 34.485270738601685 7940.124378681183
232 7.570747e-01 7.018789e-01 0.000000e+00 5.519581e-02 5.404038e-04 34.457404375076294 7974.6150777339935
233 7.101055e-01 6.546764e-01 0.000000e+00 5.542911e-02 5.404038e-04 34.44446659088135 8009.0896372795105
234 7.514852e-01 6.965044e-01 0.000000e+00 5.498087e-02 5.404038e-04 33.940423011779785 8043.062526702881
235 7.882334e-01 7.333162e-01 0.000000e+00 5.491718e-02 5.133871e-04 34.64105677604675 8077.735086679459
236 7.727295e-01 7.178891e-01 0.000000e+00 5.484041e-02 5.133871e-04 33.83711314201355 8111.604346513748
237 7.368235e-01 6.820028e-01 0.000000e+00 5.482073e-02 5.133871e-04 34.183714151382446 8145.821516990662
238 8.147279e-01 7.598870e-01 0.000000e+00 5.484099e-02 5.133871e-04 34.76135206222534 8180.61342549324
239 6.895431e-01 6.348513e-01 0.000000e+00 5.469175e-02 5.133871e-04 34.209707260131836 8214.851734399796
240 8.997149e-01 8.449711e-01 0.000000e+00 5.474380e-02 5.133871e-04 34.533507108688354 8249.417637825012
241 7.319106e-01 6.776113e-01 0.000000e+00 5.429925e-02 5.133871e-04 33.68105483055115 8283.134145736694
242 7.164687e-01 6.619153e-01 0.000000e+00 5.455341e-02 5.133871e-04 34.773231744766235 8317.9397919178
243 7.161318e-01 6.619420e-01 0.000000e+00 5.418982e-02 5.133871e-04 34.207263708114624 8352.183552265167
244 7.025385e-01 6.483765e-01 0.000000e+00 5.416203e-02 5.133871e-04 34.89481067657471 8387.103783607483
245 6.990385e-01 6.449685e-01 0.000000e+00 5.407000e-02 5.133871e-04 34.24551510810852 8421.383242368698
246 7.191893e-01 6.649498e-01 0.000000e+00 5.423949e-02 5.133871e-04 34.68365430831909 8456.100729227066
247 7.065754e-01 6.526237e-01 0.000000e+00 5.395176e-02 5.133871e-04 34.84410047531128 8490.978876829147
248 6.125310e-01 5.586479e-01 0.000000e+00 5.388312e-02 5.133871e-04 34.43170166015625 8525.444629192352
249 7.225579e-01 6.688562e-01 0.000000e+00 5.370165e-02 5.133871e-04 34.37805795669556 8559.856721401215
250 7.947259e-01 7.407631e-01 0.000000e+00 5.396284e-02 5.133871e-04 34.15864038467407 8594.054635047913
251 6.816198e-01 6.281642e-01 0.000000e+00 5.345566e-02 5.133871e-04 34.25983262062073 8628.348808765411
252 6.076977e-01 5.541088e-01 0.000000e+00 5.358893e-02 5.133871e-04 34.27816462516785 8662.661578893661
253 6.351869e-01 5.815591e-01 0.000000e+00 5.362785e-02 5.133871e-04 34.9617395401001 8697.656328201294
254 5.519058e-01 4.986626e-01 0.000000e+00 5.324323e-02 5.133871e-04 34.72071647644043 8732.411945343018
255 6.531348e-01 5.998520e-01 0.000000e+00 5.328278e-02 4.877210e-04 34.532368659973145 8766.975999355316
256 7.945408e-01 7.411466e-01 0.000000e+00 5.339416e-02 4.877210e-04 34.22280025482178 8801.233091115952
257 6.810541e-01 6.277950e-01 0.000000e+00 5.325903e-02 4.877210e-04 35.17947793006897 8836.44546175003
258 8.043056e-01 7.507534e-01 0.000000e+00 5.355214e-02 4.877210e-04 35.1975998878479 8871.67464542389
259 6.954518e-01 6.421686e-01 0.000000e+00 5.328328e-02 4.877210e-04 34.03786015510559 8905.738887310028
260 6.223513e-01 5.695209e-01 0.000000e+00 5.283039e-02 4.877210e-04 34.011021852493286 8939.781793832779
261 6.328951e-01 5.797662e-01 0.000000e+00 5.312893e-02 4.877210e-04 34.01237368583679 8973.828485250473
262 6.134004e-01 5.605961e-01 0.000000e+00 5.280435e-02 4.877210e-04 33.29148077964783 9007.150393247604
263 5.977624e-01 5.446349e-01 0.000000e+00 5.312750e-02 4.877210e-04 33.49315929412842 9040.674024820328
264 6.663714e-01 6.137318e-01 0.000000e+00 5.263964e-02 4.877210e-04 33.62674355506897 9074.335709810257
265 7.724033e-01 7.195572e-01 0.000000e+00 5.284615e-02 4.877210e-04 33.71168375015259 9108.105792284012
266 6.535097e-01 6.009345e-01 0.000000e+00 5.257516e-02 4.877210e-04 34.074464321136475 9142.214792728424
267 6.938698e-01 6.413896e-01 0.000000e+00 5.248019e-02 4.877210e-04 34.25665020942688 9176.50520658493
268 7.397318e-01 6.872088e-01 0.000000e+00 5.252298e-02 4.877210e-04 34.57388877868652 9211.10402560234
269 6.605811e-01 6.079634e-01 0.000000e+00 5.261768e-02 4.877210e-04 34.16662883758545 9245.301624536514
270 6.753684e-01 6.230072e-01 0.000000e+00 5.236114e-02 4.877210e-04 33.89543795585632 9279.228390932083
271 6.254143e-01 5.730290e-01 0.000000e+00 5.238527e-02 4.877210e-04 34.06865882873535 9313.327995300293
272 6.301114e-01 5.777093e-01 0.000000e+00 5.240211e-02 4.877210e-04 34.38836407661438 9347.75238084793
273 6.569864e-01 6.045893e-01 0.000000e+00 5.239710e-02 4.877210e-04 34.00433659553528 9381.78866815567
274 6.607467e-01 6.084108e-01 0.000000e+00 5.233591e-02 4.633381e-04 34.514267444610596 9416.33478307724
275 8.738437e-01 8.210856e-01 0.000000e+00 5.275807e-02 4.633381e-04 34.360469818115234 9450.727954387665
276 5.333883e-01 4.812722e-01 0.000000e+00 5.211611e-02 4.633381e-04 34.38671588897705 9485.235485076904
277 6.093307e-01 5.573403e-01 0.000000e+00 5.199041e-02 4.633381e-04 34.60428237915039 9519.874068975449
278 6.058279e-01 5.537518e-01 0.000000e+00 5.207613e-02 4.633381e-04 35.241487979888916 9555.147338867188
279 7.748453e-01 7.229405e-01 0.000000e+00 5.190476e-02 4.633381e-04 34.553794384002686 9589.72763633728
280 7.127424e-01 6.605724e-01 0.000000e+00 5.216997e-02 4.633381e-04 34.96249961853027 9624.720453500748
281 7.555872e-01 7.035245e-01 0.000000e+00 5.206268e-02 4.633381e-04 34.281782150268555 9659.034508943558
282 6.637558e-01 6.119076e-01 0.000000e+00 5.184820e-02 4.633381e-04 34.135565519332886 9693.20060634613
283 5.875705e-01 5.358500e-01 0.000000e+00 5.172054e-02 4.633381e-04 34.03020477294922 9727.263511896133
284 6.774372e-01 6.254867e-01 0.000000e+00 5.195052e-02 4.633381e-04 33.88792300224304 9761.181739807129
285 6.159526e-01 5.641855e-01 0.000000e+00 5.176710e-02 4.633381e-04 34.06794714927673 9795.281708240509
286 6.492388e-01 5.975492e-01 0.000000e+00 5.168964e-02 4.633381e-04 34.37208008766174 9829.68417596817
287 7.013690e-01 6.497836e-01 0.000000e+00 5.158535e-02 4.633381e-04 34.93074989318848 9864.639737844467
288 5.832370e-01 5.316442e-01 0.000000e+00 5.159279e-02 4.633381e-04 33.99199604988098 9898.664097309113
289 6.077246e-01 5.561432e-01 0.000000e+00 5.158132e-02 4.633381e-04 34.21668767929077 9932.915351629257
290 5.551817e-01 5.037296e-01 0.000000e+00 5.145211e-02 4.633381e-04 34.10802221298218 9967.053791284561
291 5.280918e-01 4.767067e-01 0.000000e+00 5.138505e-02 4.633381e-04 34.51116871833801 10001.58981871605
292 5.402550e-01 4.886433e-01 0.000000e+00 5.161163e-02 4.633381e-04 34.02797484397888 10035.653757810593
293 5.853935e-01 5.339686e-01 0.000000e+00 5.142489e-02 4.633381e-04 34.77343511581421 10070.458579063416
294 5.872166e-01 5.359474e-01 0.000000e+00 5.126921e-02 4.401742e-04 34.80748677253723 10105.300892591476
295 6.030276e-01 5.517178e-01 0.000000e+00 5.130983e-02 4.401742e-04 34.2664737701416 10139.602967500687
296 6.225752e-01 5.711995e-01 0.000000e+00 5.137567e-02 4.401742e-04 35.10601496696472 10174.740412473679
297 6.399568e-01 5.887362e-01 0.000000e+00 5.122061e-02 4.401742e-04 34.48779773712158 10209.26336145401
298 6.976086e-01 6.463880e-01 0.000000e+00 5.122067e-02 4.401742e-04 34.198906660079956 10243.49538731575
299 5.960397e-01 5.445488e-01 0.000000e+00 5.149094e-02 4.401742e-04 34.79546284675598 10278.32708978653
300 5.782389e-01 5.271365e-01 0.000000e+00 5.110243e-02 4.401742e-04 34.75110459327698 10313.111658096313
301 6.485347e-01 5.975438e-01 0.000000e+00 5.099090e-02 4.401742e-04 34.631174087524414 10347.774428606033
302 7.681633e-01 7.169291e-01 0.000000e+00 5.123421e-02 4.401742e-04 34.436062812805176 10382.24524474144
303 6.684029e-01 6.172535e-01 0.000000e+00 5.114945e-02 4.401742e-04 34.432464361190796 10416.711121559143
304 5.905323e-01 5.395525e-01 0.000000e+00 5.097970e-02 4.401742e-04 34.25385594367981 10450.99627161026
305 5.784390e-01 5.275077e-01 0.000000e+00 5.093125e-02 4.401742e-04 34.50164556503296 10485.530508756638
306 6.156263e-01 5.648718e-01 0.000000e+00 5.075448e-02 4.401742e-04 34.98474645614624 10520.55090880394
307 6.488198e-01 5.977875e-01 0.000000e+00 5.103233e-02 4.401742e-04 34.91716432571411 10555.499557971954
308 6.462178e-01 5.954336e-01 0.000000e+00 5.078424e-02 4.401742e-04 34.580734729766846 10590.113803863525
309 6.379799e-01 5.872680e-01 0.000000e+00 5.071182e-02 4.401742e-04 34.66647958755493 10624.814966917038
310 5.051149e-01 4.545135e-01 0.000000e+00 5.060141e-02 4.401742e-04 34.69643831253052 10659.543527841568
311 5.022695e-01 4.514564e-01 0.000000e+00 5.081312e-02 4.401742e-04 34.689974308013916 10694.267633676529
312 6.277415e-01 5.771434e-01 0.000000e+00 5.059805e-02 4.401742e-04 34.40336060523987 10728.702328681946
313 5.468199e-01 4.961464e-01 0.000000e+00 5.067346e-02 4.181683e-04 34.74545931816101 10763.479307889938
314 6.823078e-01 6.317813e-01 0.000000e+00 5.052652e-02 4.181683e-04 34.655083417892456 10798.169024705887
315 6.529668e-01 6.022396e-01 0.000000e+00 5.072718e-02 4.181683e-04 35.049888610839844 10833.250123977661
316 7.070869e-01 6.564533e-01 0.000000e+00 5.063359e-02 4.181683e-04 34.46316695213318 10867.74808049202
317 5.676035e-01 5.171855e-01 0.000000e+00 5.041796e-02 4.181683e-04 34.62519860267639 10902.40605044365
318 4.845406e-01 4.340249e-01 0.000000e+00 5.051570e-02 4.181683e-04 34.770249366760254 10937.209545850754
319 6.009451e-01 5.505395e-01 0.000000e+00 5.040561e-02 4.181683e-04 34.357940435409546 10971.635156393051
320 5.719727e-01 5.215363e-01 0.000000e+00 5.043640e-02 4.181683e-04 34.78173041343689 11006.449855804443
321 6.799046e-01 6.293966e-01 0.000000e+00 5.050804e-02 4.181683e-04 34.692001819610596 11041.176540851593
322 5.091759e-01 4.588422e-01 0.000000e+00 5.033371e-02 4.181683e-04 35.47814965248108 11076.684735536575
323 5.211323e-01 4.708132e-01 0.000000e+00 5.031910e-02 4.181683e-04 34.39209866523743 11111.113082170486
324 6.662594e-01 6.158438e-01 0.000000e+00 5.041563e-02 4.181683e-04 34.21910810470581 11145.363026380539
325 6.030076e-01 5.528574e-01 0.000000e+00 5.015023e-02 4.181683e-04 34.27775955200195 11179.671799182892
326 5.183332e-01 4.680998e-01 0.000000e+00 5.023340e-02 4.181683e-04 34.26584339141846 11213.985612630844
327 6.014043e-01 5.513175e-01 0.000000e+00 5.008673e-02 4.181683e-04 34.57378888130188 11248.595745325089
328 6.248740e-01 5.746472e-01 0.000000e+00 5.022683e-02 4.181683e-04 34.45459580421448 11283.0838971138
329 5.824887e-01 5.323106e-01 0.000000e+00 5.017810e-02 4.181683e-04 34.7030827999115 11317.819871902466
330 5.829731e-01 5.327736e-01 0.000000e+00 5.019955e-02 4.181683e-04 34.41706585884094 11352.271960020065
331 5.625645e-01 5.125221e-01 0.000000e+00 5.004245e-02 4.181683e-04 34.62302851676941 11386.9265563488
332 5.019583e-01 4.519450e-01 0.000000e+00 5.001333e-02 4.181683e-04 34.908212423324585 11421.861834049225
333 6.471126e-01 5.970155e-01 0.000000e+00 5.009715e-02 3.972626e-04 34.34565711021423 11456.24052286148
334 5.198505e-01 4.698300e-01 0.000000e+00 5.002048e-02 3.972626e-04 34.29287838935852 11490.56790971756
335 7.103102e-01 6.603192e-01 0.000000e+00 4.999099e-02 3.972626e-04 34.170103788375854 11524.771854639053
336 6.089062e-01 5.589892e-01 0.000000e+00 4.991703e-02 3.972626e-04 34.96499848365784 11559.772909164429
337 5.821749e-01 5.322522e-01 0.000000e+00 4.992266e-02 3.972626e-04 34.251803398132324 11594.058560848236
338 6.328941e-01 5.830986e-01 0.000000e+00 4.979548e-02 3.972626e-04 34.298555850982666 11628.383375883102
339 5.231558e-01 4.733483e-01 0.000000e+00 4.980750e-02 3.972626e-04 34.29172325134277 11662.709033489227
340 5.296237e-01 4.799165e-01 0.000000e+00 4.970720e-02 3.972626e-04 35.14010429382324 11697.881016731262
341 6.015208e-01 5.516857e-01 0.000000e+00 4.983505e-02 3.972626e-04 35.18271350860596 11733.097601413727
342 6.196688e-01 5.699653e-01 0.000000e+00 4.970344e-02 3.972626e-04 34.36952567100525 11767.49947977066
343 4.900230e-01 4.403783e-01 0.000000e+00 4.964467e-02 3.972626e-04 34.175087213516235 11801.70790052414
344 6.015920e-01 5.518975e-01 0.000000e+00 4.969449e-02 3.972626e-04 34.24806499481201 11835.990377426147
345 5.690198e-01 5.194712e-01 0.000000e+00 4.954855e-02 3.972626e-04 34.543073415756226 11870.566744327545
346 5.160221e-01 4.663955e-01 0.000000e+00 4.962665e-02 3.972626e-04 36.62625455856323 11907.226135969162
347 6.050600e-01 5.554703e-01 0.000000e+00 4.958968e-02 3.972626e-04 34.427497148513794 11941.686532258987
348 4.665230e-01 4.170067e-01 0.000000e+00 4.951637e-02 3.972626e-04 34.45206165313721 11976.164943218231
349 5.739550e-01 5.243744e-01 0.000000e+00 4.958059e-02 3.972626e-04 34.64508414268494 12010.918461561203
350 4.387729e-01 3.892448e-01 0.000000e+00 4.952812e-02 3.972626e-04 34.39700508117676 12045.349371910095
351 5.929690e-01 5.434952e-01 0.000000e+00 4.947385e-02 3.972626e-04 34.523189544677734 12079.923231840134
352 5.363787e-01 4.869455e-01 0.000000e+00 4.943328e-02 3.774020e-04 34.34429311752319 12114.302164554596
353 5.401846e-01 4.907694e-01 0.000000e+00 4.941520e-02 3.774020e-04 34.656031131744385 12148.986181974411
354 5.126344e-01 4.633152e-01 0.000000e+00 4.931915e-02 3.774020e-04 33.9463369846344 12182.96842622757
355 4.668202e-01 4.173744e-01 0.000000e+00 4.944585e-02 3.774020e-04 33.80541133880615 12216.809963941574
356 5.874278e-01 5.381827e-01 0.000000e+00 4.924511e-02 3.774020e-04 34.48769760131836 12251.332295417786
357 5.422785e-01 4.930447e-01 0.000000e+00 4.923375e-02 3.774020e-04 34.085657835006714 12285.448908805847
358 6.221016e-01 5.725983e-01 0.000000e+00 4.950325e-02 3.774020e-04 34.41079139709473 12319.890700817108
359 4.760348e-01 4.268341e-01 0.000000e+00 4.920074e-02 3.774020e-04 34.13334679603577 12354.0554022789
360 5.679793e-01 5.188252e-01 0.000000e+00 4.915410e-02 3.774020e-04 34.85512399673462 12388.941774606705
361 4.364760e-01 3.873945e-01 0.000000e+00 4.908152e-02 3.774020e-04 34.37188696861267 12423.344914197922
362 6.350674e-01 5.857050e-01 0.000000e+00 4.936241e-02 3.774020e-04 35.56011724472046 12458.948524475098
363 5.378261e-01 4.887588e-01 0.000000e+00 4.906735e-02 3.774020e-04 34.224679708480835 12493.205045700073
364 5.739073e-01 5.248478e-01 0.000000e+00 4.905948e-02 3.774020e-04 34.15922021865845 12527.395392656326
365 5.269226e-01 4.777854e-01 0.000000e+00 4.913716e-02 3.774020e-04 34.87455224990845 12562.301427602768
366 5.917661e-01 5.426732e-01 0.000000e+00 4.909284e-02 3.774020e-04 34.36234450340271 12596.69632101059
367 5.359366e-01 4.868033e-01 0.000000e+00 4.913333e-02 3.774020e-04 34.02486872673035 12630.748104572296
368 5.862016e-01 5.371929e-01 0.000000e+00 4.900870e-02 3.774020e-04 34.61192202568054 12665.396747350693
369 5.332357e-01 4.842263e-01 0.000000e+00 4.900946e-02 3.774020e-04 34.029765605926514 12699.460877895355
370 5.275552e-01 4.786687e-01 0.000000e+00 4.888655e-02 3.774020e-04 34.682329416275024 12734.175308704376
371 5.773943e-01 5.285604e-01 0.000000e+00 4.883388e-02 3.774020e-04 34.43722701072693 12768.650120019913
372 4.367360e-01 3.877477e-01 0.000000e+00 4.898836e-02 3.585343e-04 34.2180860042572 12802.900017499924
373 5.283514e-01 4.794852e-01 0.000000e+00 4.886620e-02 3.585343e-04 33.59273147583008 12836.52450633049
374 6.614848e-01 6.125991e-01 0.000000e+00 4.888567e-02 3.585343e-04 34.35866928100586 12870.917843341827
375 5.567022e-01 5.077910e-01 0.000000e+00 4.891119e-02 3.585343e-04 34.23365545272827 12905.186521291733
376 4.561610e-01 4.074075e-01 0.000000e+00 4.875354e-02 3.585343e-04 33.91271710395813 12939.132880210876
377 4.665301e-01 4.177819e-01 0.000000e+00 4.874820e-02 3.585343e-04 33.41133522987366 12972.577050924301
378 5.614238e-01 5.126482e-01 0.000000e+00 4.877564e-02 3.585343e-04 34.047189474105835 13006.648119688034
379 5.880586e-01 5.393174e-01 0.000000e+00 4.874117e-02 3.585343e-04 34.32650709152222 13041.006388902664
380 4.680938e-01 4.194442e-01 0.000000e+00 4.864958e-02 3.585343e-04 34.19746232032776 13075.23380279541
381 5.615911e-01 5.128643e-01 0.000000e+00 4.872679e-02 3.585343e-04 34.80802321434021 13110.073161363602
382 4.482116e-01 3.995197e-01 0.000000e+00 4.869185e-02 3.585343e-04 34.363507986068726 13144.466808319092
383 6.212031e-01 5.726214e-01 0.000000e+00 4.858169e-02 3.585343e-04 34.21117186546326 13178.713268518448
384 4.510927e-01 4.025741e-01 0.000000e+00 4.851856e-02 3.585343e-04 34.37806463241577 13213.126414775848
385 4.806243e-01 4.319353e-01 0.000000e+00 4.868898e-02 3.585343e-04 33.89515709877014 13247.047517061234
386 4.835791e-01 4.350777e-01 0.000000e+00 4.850137e-02 3.585343e-04 34.62255024909973 13281.700827598572
387 5.364455e-01 4.878471e-01 0.000000e+00 4.859846e-02 3.585343e-04 34.18258357048035 13315.914785861969
388 5.480450e-01 4.994402e-01 0.000000e+00 4.860473e-02 3.585343e-04 34.1978759765625 13350.148314476013
389 4.772800e-01 4.288311e-01 0.000000e+00 4.844890e-02 3.585343e-04 34.69614052772522 13384.879813194275
390 4.680205e-01 4.196070e-01 0.000000e+00 4.841348e-02 3.585343e-04 34.41114091873169 13419.328993320465
391 5.162170e-01 4.676352e-01 0.000000e+00 4.858183e-02 3.406099e-04 34.18223977088928 13453.542750597
392 4.573380e-01 4.089943e-01 0.000000e+00 4.834375e-02 3.406099e-04 34.28850173950195 13487.863729000092
393 4.853056e-01 4.369373e-01 0.000000e+00 4.836824e-02 3.406099e-04 34.81216621398926 13522.709478616714
394 5.064631e-01 4.581268e-01 0.000000e+00 4.833628e-02 3.406099e-04 33.94130086898804 13556.685375928879
395 5.563493e-01 5.078597e-01 0.000000e+00 4.848956e-02 3.406099e-04 34.173118352890015 13590.890379190445
396 5.864061e-01 5.381334e-01 0.000000e+00 4.827279e-02 3.406099e-04 34.37596869468689 13625.297379732132
397 4.359598e-01 3.876125e-01 0.000000e+00 4.834728e-02 3.406099e-04 34.44311165809631 13659.775360107422
398 4.633773e-01 4.151064e-01 0.000000e+00 4.827088e-02 3.406099e-04 34.589816093444824 13694.502096176147
399 4.910648e-01 4.427755e-01 0.000000e+00 4.828932e-02 3.406099e-04 34.11642265319824 13728.650635004044
400 4.586396e-01 4.104543e-01 0.000000e+00 4.818528e-02 3.406099e-04 34.099902391433716 13762.782643556595
401 4.775040e-01 4.291362e-01 0.000000e+00 4.836782e-02 3.406099e-04 34.47130465507507 13797.285817623138
402 5.576175e-01 5.094611e-01 0.000000e+00 4.815638e-02 3.406099e-04 35.06883502006531 13832.385520458221
403 4.696740e-01 4.215223e-01 0.000000e+00 4.815168e-02 3.406099e-04 34.22785210609436 13866.644253253937
404 4.239951e-01 3.758928e-01 0.000000e+00 4.810231e-02 3.406099e-04 33.549100160598755 13900.226408720016
405 5.924369e-01 5.443328e-01 0.000000e+00 4.810413e-02 3.406099e-04 34.05355477333069 13934.32220864296
406 5.593455e-01 5.111529e-01 0.000000e+00 4.819267e-02 3.406099e-04 34.17596626281738 13968.530014038086
407 4.469786e-01 3.989777e-01 0.000000e+00 4.800089e-02 3.406099e-04 34.75299859046936 14003.320442199707
408 5.178873e-01 4.698543e-01 0.000000e+00 4.803301e-02 3.406099e-04 33.30255126953125 14036.655150413513
409 4.843268e-01 4.362974e-01 0.000000e+00 4.802938e-02 3.406099e-04 34.437870264053345 14071.128837823868
410 4.779655e-01 4.299363e-01 0.000000e+00 4.802925e-02 3.406099e-04 33.820703744888306 14104.98383307457
411 4.798940e-01 4.317918e-01 0.000000e+00 4.810217e-02 3.235816e-04 34.50819420814514 14139.55776667595
412 5.211598e-01 4.732195e-01 0.000000e+00 4.794023e-02 3.235816e-04 34.02349662780762 14173.616968393326
413 4.907599e-01 4.428282e-01 0.000000e+00 4.793169e-02 3.235816e-04 34.05050039291382 14207.697773694992
414 5.232177e-01 4.752717e-01 0.000000e+00 4.794602e-02 3.235816e-04 33.92237114906311 14241.653698205948
415 5.294377e-01 4.815472e-01 0.000000e+00 4.789053e-02 3.235816e-04 34.74604558944702 14276.425328969955
416 4.857361e-01 4.379039e-01 0.000000e+00 4.783226e-02 3.235816e-04 34.565590620040894 14311.022189617157
417 4.707571e-01 4.227996e-01 0.000000e+00 4.795743e-02 3.235816e-04 33.791919231414795 14344.848623991013
418 4.104725e-01 3.626227e-01 0.000000e+00 4.784986e-02 3.235816e-04 33.94190859794617 14378.827722787857
419 5.488179e-01 5.010236e-01 0.000000e+00 4.779436e-02 3.235816e-04 33.55074620246887 14412.418798923492
420 4.599710e-01 4.122343e-01 0.000000e+00 4.773666e-02 3.235816e-04 34.646522521972656 14447.09413933754
421 4.550276e-01 4.070529e-01 0.000000e+00 4.797476e-02 3.235816e-04 34.009196758270264 14481.13749074936
422 4.547878e-01 4.071274e-01 0.000000e+00 4.766036e-02 3.235816e-04 33.804506063461304 14514.971877336502
423 4.301426e-01 3.822540e-01 0.000000e+00 4.788863e-02 3.235816e-04 33.378965616226196 14548.384519577026
424 4.402034e-01 3.925430e-01 0.000000e+00 4.766042e-02 3.235816e-04 33.34596037864685 14581.76116347313
425 4.597707e-01 4.120882e-01 0.000000e+00 4.768244e-02 3.235816e-04 34.00529479980469 14615.799228429794
426 3.953504e-01 3.477344e-01 0.000000e+00 4.761595e-02 3.235816e-04 33.87725353240967 14649.707741737366
427 4.433906e-01 3.958455e-01 0.000000e+00 4.754510e-02 3.235816e-04 34.01512670516968 14683.769808530807
428 4.398050e-01 3.921443e-01 0.000000e+00 4.766064e-02 3.235816e-04 34.66195559501648 14718.465283155441
429 4.467035e-01 3.990568e-01 0.000000e+00 4.764667e-02 3.235816e-04 34.19716835021973 14752.692577123642
430 3.728530e-01 3.252105e-01 0.000000e+00 4.764255e-02 3.074046e-04 34.168720722198486 14786.894072055817
431 4.477366e-01 4.001212e-01 0.000000e+00 4.761541e-02 3.074046e-04 34.15603590011597 14821.092737436295
432 3.757649e-01 3.282410e-01 0.000000e+00 4.752386e-02 3.074046e-04 34.05069851875305 14855.1773416996
433 4.738705e-01 4.263220e-01 0.000000e+00 4.754848e-02 3.074046e-04 34.478495359420776 14889.69105887413
434 4.185830e-01 3.710091e-01 0.000000e+00 4.757382e-02 3.074046e-04 33.77588081359863 14923.498410224915
435 4.133474e-01 3.657932e-01 0.000000e+00 4.755427e-02 3.074046e-04 33.70998024940491 14957.234079360962
436 4.092805e-01 3.617892e-01 0.000000e+00 4.749121e-02 3.074046e-04 33.50777626037598 14990.775444746017
437 4.622262e-01 4.147972e-01 0.000000e+00 4.742896e-02 3.074046e-04 33.733208417892456 15024.542368412018
438 4.296891e-01 3.822770e-01 0.000000e+00 4.741206e-02 3.074046e-04 34.782684564590454 15059.355492591858
439 4.842726e-01 4.368144e-01 0.000000e+00 4.745811e-02 3.074046e-04 34.74993824958801 15094.138024806976
440 3.823224e-01 3.348547e-01 0.000000e+00 4.746766e-02 3.074046e-04 34.39218807220459 15128.56376004219
441 5.024546e-01 4.550631e-01 0.000000e+00 4.739152e-02 3.074046e-04 33.994749784469604 15162.584286928177
442 4.613889e-01 4.140948e-01 0.000000e+00 4.729413e-02 3.074046e-04 34.05456209182739 15196.663075208664
443 4.264052e-01 3.790067e-01 0.000000e+00 4.739857e-02 3.074046e-04 34.06988453865051 15230.764868021011
444 4.540411e-01 4.066208e-01 0.000000e+00 4.742034e-02 3.074046e-04 34.41686964035034 15265.207763671875
445 4.414269e-01 3.941430e-01 0.000000e+00 4.728390e-02 3.074046e-04 34.67412805557251 15299.906438827515
446 3.391200e-01 2.918092e-01 0.000000e+00 4.731084e-02 3.074046e-04 34.235281467437744 15334.17581319809
447 4.158137e-01 3.684102e-01 0.000000e+00 4.740344e-02 3.074046e-04 34.54547882080078 15368.763167858124
448 3.641463e-01 3.168247e-01 0.000000e+00 4.732153e-02 3.074046e-04 34.59883761405945 15403.386416196823
449 3.659091e-01 3.187189e-01 0.000000e+00 4.719027e-02 2.920363e-04 34.57327675819397 15437.991216182709
450 4.369387e-01 3.897556e-01 0.000000e+00 4.718306e-02 2.920363e-04 34.14499568939209 15472.167358636856
451 4.026695e-01 3.554902e-01 0.000000e+00 4.717935e-02 2.920363e-04 34.905306339263916 15507.105008840561
452 4.531559e-01 4.059740e-01 0.000000e+00 4.718186e-02 2.920363e-04 34.05268383026123 15541.193257808685
453 3.981913e-01 3.509618e-01 0.000000e+00 4.722957e-02 2.920363e-04 34.22477746009827 15575.452155828476
454 4.519807e-01 4.048091e-01 0.000000e+00 4.717151e-02 2.920363e-04 33.99327087402344 15609.477689743042
455 4.214800e-01 3.742780e-01 0.000000e+00 4.720201e-02 2.920363e-04 34.837299823760986 15644.34569478035
456 4.879668e-01 4.407566e-01 0.000000e+00 4.721015e-02 2.920363e-04 34.874412536621094 15679.251317977905
457 3.184238e-01 2.713707e-01 0.000000e+00 4.705307e-02 2.920363e-04 34.288559913635254 15713.572221040726
458 3.814784e-01 3.343788e-01 0.000000e+00 4.709958e-02 2.920363e-04 34.952189207077026 15748.571469068527
459 3.542539e-01 3.072689e-01 0.000000e+00 4.698499e-02 2.920363e-04 34.811442852020264 15783.414283037186
460 3.542779e-01 3.071517e-01 0.000000e+00 4.712615e-02 2.920363e-04 34.97429704666138 15818.426530838013
461 3.756935e-01 3.288108e-01 0.000000e+00 4.688266e-02 2.920363e-04 35.42161226272583 15853.881375551224
462 3.295023e-01 2.824233e-01 0.000000e+00 4.707906e-02 2.920363e-04 33.931013345718384 15887.846471786499
463 4.208366e-01 3.738646e-01 0.000000e+00 4.697209e-02 2.920363e-04 34.543487548828125 15922.42520904541
464 4.504615e-01 4.034380e-01 0.000000e+00 4.702358e-02 2.920363e-04 34.57167053222656 15957.029733896255
465 4.251387e-01 3.781250e-01 0.000000e+00 4.701366e-02 2.920363e-04 35.35399389266968 15992.415489196777
466 3.743647e-01 3.275069e-01 0.000000e+00 4.685779e-02 2.920363e-04 34.556732177734375 16027.005531311035
467 3.871012e-01 3.401957e-01 0.000000e+00 4.690548e-02 2.920363e-04 34.03691864013672 16061.077116012573
468 3.622874e-01 3.154691e-01 0.000000e+00 4.681830e-02 2.920363e-04 34.283512353897095 16095.392020463943
469 3.969055e-01 3.499861e-01 0.000000e+00 4.691938e-02 2.774364e-04 34.38409614562988 16129.811347484589
470 3.660294e-01 3.192020e-01 0.000000e+00 4.682741e-02 2.774364e-04 34.80581450462341 16164.650608062744
471 3.671037e-01 3.202342e-01 0.000000e+00 4.686952e-02 2.774364e-04 34.26054286956787 16198.9447991848
472 3.767272e-01 3.298192e-01 0.000000e+00 4.690797e-02 2.774364e-04 34.263200759887695 16233.239428043365
473 3.830891e-01 3.362009e-01 0.000000e+00 4.688824e-02 2.774364e-04 34.23317623138428 16267.507908821106
474 4.203684e-01 3.736453e-01 0.000000e+00 4.672312e-02 2.774364e-04 34.50798034667969 16302.071743249893
475 4.242223e-01 3.774478e-01 0.000000e+00 4.677454e-02 2.774364e-04 34.89169120788574 16336.997430562973
476 4.274668e-01 3.806320e-01 0.000000e+00 4.683483e-02 2.774364e-04 34.76262092590332 16371.793077230453
477 3.369707e-01 2.902846e-01 0.000000e+00 4.668611e-02 2.774364e-04 34.94465684890747 16406.76490664482
478 4.492279e-01 4.024726e-01 0.000000e+00 4.675532e-02 2.774364e-04 34.07210659980774 16440.866714715958
479 3.439801e-01 2.972434e-01 0.000000e+00 4.673671e-02 2.774364e-04 34.67673659324646 16475.574713230133
480 3.932565e-01 3.464813e-01 0.000000e+00 4.677511e-02 2.774364e-04 34.814159870147705 16510.419948339462
481 3.194407e-01 2.728519e-01 0.000000e+00 4.658884e-02 2.774364e-04 34.23161053657532 16544.683540821075
482 3.376397e-01 2.910364e-01 0.000000e+00 4.660336e-02 2.774364e-04 34.51372981071472 16579.2315864563
483 3.259658e-01 2.793677e-01 0.000000e+00 4.659815e-02 2.774364e-04 34.789551973342896 16614.053087949753
484 3.936101e-01 3.468894e-01 0.000000e+00 4.672068e-02 2.774364e-04 34.60585141181946 16648.691423654556
485 3.423378e-01 2.956774e-01 0.000000e+00 4.666037e-02 2.774364e-04 34.95656704902649 16683.67889881134
486 3.573029e-01 3.106681e-01 0.000000e+00 4.663481e-02 2.774364e-04 34.9940185546875 16718.705940485
487 3.941127e-01 3.474993e-01 0.000000e+00 4.661341e-02 2.774364e-04 34.553619623184204 16753.29188299179
488 3.005594e-01 2.539900e-01 0.000000e+00 4.656937e-02 2.635663e-04 34.55533313751221 16787.880886554718
489 3.312829e-01 2.847511e-01 0.000000e+00 4.653180e-02 2.635663e-04 34.941200971603394 16822.967836380005
490 3.468743e-01 3.002661e-01 0.000000e+00 4.660819e-02 2.635663e-04 34.65904140472412 16857.660893440247
491 3.692068e-01 3.226810e-01 0.000000e+00 4.652583e-02 2.635663e-04 34.798163414001465 16892.495017290115
492 3.149867e-01 2.684253e-01 0.000000e+00 4.656138e-02 2.635663e-04 34.33044195175171 16926.859575510025
493 3.412905e-01 2.948167e-01 0.000000e+00 4.647379e-02 2.635663e-04 34.20762658119202 16961.101447582245
494 3.522298e-01 3.056885e-01 0.000000e+00 4.654130e-02 2.635663e-04 34.512115716934204 16995.646658420563
495 3.602289e-01 3.137442e-01 0.000000e+00 4.648474e-02 2.635663e-04 34.607553005218506 17030.290603876114
496 3.497871e-01 3.034310e-01 0.000000e+00 4.635613e-02 2.635663e-04 34.66378855705261 17064.98800754547
497 3.086820e-01 2.622719e-01 0.000000e+00 4.641002e-02 2.635663e-04 34.9630663394928 17099.98268198967
498 3.044891e-01 2.581816e-01 0.000000e+00 4.630747e-02 2.635663e-04 34.678009271621704 17134.693919420242
499 3.789822e-01 3.325532e-01 0.000000e+00 4.642896e-02 2.635663e-04 35.17441439628601 17169.903298139572
500 3.070148e-01 2.605896e-01 0.000000e+00 4.642526e-02 2.635663e-04 34.54120397567749 17204.481835842133
501 3.036824e-01 2.572793e-01 0.000000e+00 4.640309e-02 2.635663e-04 34.753713846206665 17239.26899123192
502 3.624876e-01 3.161294e-01 0.000000e+00 4.635821e-02 2.635663e-04 34.515440225601196 17273.817393302917
503 3.202764e-01 2.739361e-01 0.000000e+00 4.634029e-02 2.635663e-04 34.41320538520813 17308.262898683548
504 3.603321e-01 3.140305e-01 0.000000e+00 4.630155e-02 2.635663e-04 34.560964584350586 17342.85741519928
505 3.332370e-01 2.868782e-01 0.000000e+00 4.635882e-02 2.635663e-04 35.05095815658569 17377.943464756012
506 2.766073e-01 2.303217e-01 0.000000e+00 4.628557e-02 2.635663e-04 34.42949175834656 17412.405747413635
507 3.245137e-01 2.782677e-01 0.000000e+00 4.624608e-02 2.635663e-04 34.60925340652466 17447.06126189232
508 3.441398e-01 2.978684e-01 0.000000e+00 4.627138e-02 2.503897e-04 34.6794912815094 17481.7719373703
509 3.277282e-01 2.814340e-01 0.000000e+00 4.629417e-02 2.503897e-04 34.731287717819214 17516.536896944046
510 3.227207e-01 2.764790e-01 0.000000e+00 4.624168e-02 2.503897e-04 34.516252279281616 17551.088594675064
511 3.418630e-01 2.955664e-01 0.000000e+00 4.629662e-02 2.503897e-04 34.42812943458557 17585.550884246826
512 2.920494e-01 2.459519e-01 0.000000e+00 4.609749e-02 2.503897e-04 34.327826499938965 17619.913040161133
513 3.198740e-01 2.737147e-01 0.000000e+00 4.615927e-02 2.503897e-04 36.44766116142273 17656.392743110657
514 3.376553e-01 2.914141e-01 0.000000e+00 4.624116e-02 2.503897e-04 36.243467569351196 17692.67082118988
515 2.877999e-01 2.416764e-01 0.000000e+00 4.612342e-02 2.503897e-04 34.84788799285889 17727.550199985504
516 3.313053e-01 2.851476e-01 0.000000e+00 4.615767e-02 2.503897e-04 34.15443801879883 17761.736167430878
517 3.773691e-01 3.311284e-01 0.000000e+00 4.624066e-02 2.503897e-04 34.02946209907532 17795.799993515015
518 2.959401e-01 2.497759e-01 0.000000e+00 4.616418e-02 2.503897e-04 34.08599781990051 17829.920164346695
519 3.458982e-01 2.996347e-01 0.000000e+00 4.626350e-02 2.503897e-04 34.43913698196411 17864.393691062927
520 3.017441e-01 2.557111e-01 0.000000e+00 4.603305e-02 2.503897e-04 34.67324161529541 17899.099477291107
521 3.095912e-01 2.634117e-01 0.000000e+00 4.617942e-02 2.503897e-04 34.46728801727295 17933.60266017914
522 2.619669e-01 2.159741e-01 0.000000e+00 4.599279e-02 2.503897e-04 34.49240565299988 17968.130382299423
523 3.031353e-01 2.571236e-01 0.000000e+00 4.601166e-02 2.503897e-04 33.85409116744995 18002.030286073685
524 2.508412e-01 2.048748e-01 0.000000e+00 4.596640e-02 2.503897e-04 34.93535280227661 18037.001807928085
525 3.611645e-01 3.151041e-01 0.000000e+00 4.606042e-02 2.503897e-04 34.31999754905701 18071.3656873703
526 2.960650e-01 2.500329e-01 0.000000e+00 4.603213e-02 2.503897e-04 34.85630488395691 18106.25575900078
527 2.697059e-01 2.236258e-01 0.000000e+00 4.608010e-02 2.378718e-04 34.57730484008789 18140.864426374435
528 2.948307e-01 2.488801e-01 0.000000e+00 4.595060e-02 2.378718e-04 34.69950222969055 18175.597281217575
529 2.934528e-01 2.474534e-01 0.000000e+00 4.599947e-02 2.378718e-04 35.12832427024841 18210.750584602356
530 2.756481e-01 2.297048e-01 0.000000e+00 4.594330e-02 2.378718e-04 34.585042238235474 18245.370667219162
531 2.879871e-01 2.419886e-01 0.000000e+00 4.599848e-02 2.378718e-04 35.105422496795654 18280.50935649872
532 2.954209e-01 2.495374e-01 0.000000e+00 4.588352e-02 2.378718e-04 34.59618067741394 18315.148981809616
533 2.828740e-01 2.369710e-01 0.000000e+00 4.590296e-02 2.378718e-04 33.98736071586609 18349.172332048416
534 3.122256e-01 2.663032e-01 0.000000e+00 4.592243e-02 2.378718e-04 34.95489740371704 18384.158351421356
535 2.839530e-01 2.380713e-01 0.000000e+00 4.588170e-02 2.378718e-04 34.25468826293945 18418.447915792465
536 3.347402e-01 2.888212e-01 0.000000e+00 4.591904e-02 2.378718e-04 35.040576219558716 18453.52282834053
537 2.640734e-01 2.181670e-01 0.000000e+00 4.590645e-02 2.378718e-04 34.32170844078064 18487.8796646595
538 2.907870e-01 2.449577e-01 0.000000e+00 4.582936e-02 2.378718e-04 34.901349782943726 18522.815507650375
539 2.800334e-01 2.341321e-01 0.000000e+00 4.590130e-02 2.378718e-04 34.773695945739746 18557.6149725914
540 2.823576e-01 2.365844e-01 0.000000e+00 4.577317e-02 2.378718e-04 34.66870069503784 18592.315838098526
541 2.933290e-01 2.474957e-01 0.000000e+00 4.583330e-02 2.378718e-04 34.87150192260742 18627.215047359467
542 3.017660e-01 2.559106e-01 0.000000e+00 4.585543e-02 2.378718e-04 34.81935167312622 18662.06590628624
543 2.707023e-01 2.248940e-01 0.000000e+00 4.580833e-02 2.378718e-04 34.88177943229675 18696.980378627777
544 2.598040e-01 2.140208e-01 0.000000e+00 4.578320e-02 2.378718e-04 34.003702878952026 18731.01481461525
545 2.699357e-01 2.242716e-01 0.000000e+00 4.566417e-02 2.378718e-04 34.294079303741455 18765.340470790863
546 2.640034e-01 2.182553e-01 0.000000e+00 4.574815e-02 2.378718e-04 34.49669408798218 18799.868498563766
547 3.162729e-01 2.704623e-01 0.000000e+00 4.581053e-02 2.259798e-04 33.77758526802063 18833.677426338196
548 2.643424e-01 2.186813e-01 0.000000e+00 4.566112e-02 2.259798e-04 34.54392170906067 18868.252393722534
549 2.806095e-01 2.348464e-01 0.000000e+00 4.576307e-02 2.259798e-04 34.847137689590454 18903.131186008453
550 2.449883e-01 1.992635e-01 0.000000e+00 4.572481e-02 2.259798e-04 34.240156412124634 18937.40148830414
551 2.267222e-01 1.811064e-01 0.000000e+00 4.561578e-02 2.259798e-04 34.37068724632263 18971.81676006317
552 2.674179e-01 2.217773e-01 0.000000e+00 4.564056e-02 2.259798e-04 34.725457429885864 19006.584969758987
553 2.953142e-01 2.496089e-01 0.000000e+00 4.570528e-02 2.259798e-04 34.296820878982544 19040.912199497223
554 2.389646e-01 1.933287e-01 0.000000e+00 4.563584e-02 2.259798e-04 34.027321100234985 19074.97292494774
555 2.521261e-01 2.065057e-01 0.000000e+00 4.562039e-02 2.259798e-04 34.758174657821655 19109.76195192337
556 2.817131e-01 2.360720e-01 0.000000e+00 4.564113e-02 2.259798e-04 33.82442927360535 19143.61718225479
557 2.436862e-01 1.980494e-01 0.000000e+00 4.563681e-02 2.259798e-04 34.106303691864014 19177.757672786713
558 2.703479e-01 2.246026e-01 0.000000e+00 4.574536e-02 2.259798e-04 33.90477013587952 19211.69345188141
559 2.797564e-01 2.342045e-01 0.000000e+00 4.555189e-02 2.259798e-04 34.1174840927124 19245.84286403656
560 2.145337e-01 1.690019e-01 0.000000e+00 4.553179e-02 2.259798e-04 34.37120318412781 19280.245302200317
561 2.506069e-01 2.050257e-01 0.000000e+00 4.558119e-02 2.259798e-04 34.253854751586914 19314.545620679855
562 2.804330e-01 2.348581e-01 0.000000e+00 4.557487e-02 2.259798e-04 33.650657653808594 19348.230096578598
563 2.564464e-01 2.109773e-01 0.000000e+00 4.546907e-02 2.259798e-04 33.96446394920349 19382.267196655273
564 2.508500e-01 2.052237e-01 0.000000e+00 4.562622e-02 2.259798e-04 34.393845081329346 19416.692539215088
565 2.393964e-01 1.939111e-01 0.000000e+00 4.548527e-02 2.259798e-04 33.81197452545166 19450.538293123245
566 2.509759e-01 2.055217e-01 0.000000e+00 4.545415e-02 2.146822e-04 33.89026355743408 19484.45889902115
567 2.259838e-01 1.804882e-01 0.000000e+00 4.549556e-02 2.146822e-04 34.54221296310425 19519.031455755234
568 2.299878e-01 1.845331e-01 0.000000e+00 4.545467e-02 2.146822e-04 34.43107485771179 19553.49385023117
569 2.967540e-01 2.512580e-01 0.000000e+00 4.549598e-02 2.146822e-04 34.1370849609375 19587.666528463364
570 2.479284e-01 2.025099e-01 0.000000e+00 4.541855e-02 2.146822e-04 34.10055112838745 19621.818183898926
571 2.621433e-01 2.166438e-01 0.000000e+00 4.549945e-02 2.146822e-04 34.2064106464386 19656.057771921158
572 2.566624e-01 2.112266e-01 0.000000e+00 4.543574e-02 2.146822e-04 33.86264252662659 19689.950641155243
573 2.230014e-01 1.775421e-01 0.000000e+00 4.545936e-02 2.146822e-04 33.808151960372925 19723.79059433937
574 2.388096e-01 1.933934e-01 0.000000e+00 4.541612e-02 2.146822e-04 34.505728006362915 19758.329482793808
575 2.475107e-01 2.020267e-01 0.000000e+00 4.548401e-02 2.146822e-04 34.59351372718811 19792.954257249832
576 1.996007e-01 1.543143e-01 0.000000e+00 4.528639e-02 2.146822e-04 34.42750072479248 19827.417020320892
577 2.170039e-01 1.716116e-01 0.000000e+00 4.539232e-02 2.146822e-04 33.90214920043945 19861.3606069088
578 2.879246e-01 2.425945e-01 0.000000e+00 4.533007e-02 2.146822e-04 34.533414363861084 19895.92749428749
579 2.579483e-01 2.125646e-01 0.000000e+00 4.538368e-02 2.146822e-04 34.22700333595276 19930.18801832199
580 2.182433e-01 1.728278e-01 0.000000e+00 4.541545e-02 2.146822e-04 34.377556800842285 19964.60037946701
581 3.041142e-01 2.587757e-01 0.000000e+00 4.533849e-02 2.146822e-04 33.9749219417572 19998.600142478943
582 2.570107e-01 2.115926e-01 0.000000e+00 4.541811e-02 2.146822e-04 34.23003816604614 20032.86266875267
583 2.058227e-01 1.605812e-01 0.000000e+00 4.524147e-02 2.146822e-04 33.546133518218994 20066.438868284225
584 2.434843e-01 1.982170e-01 0.000000e+00 4.526728e-02 2.146822e-04 33.66000986099243 20100.127943515778
585 2.462170e-01 2.009415e-01 0.000000e+00 4.527553e-02 2.146822e-04 34.12520098686218 20134.290081739426
586 2.504701e-01 2.051457e-01 0.000000e+00 4.532442e-02 2.039495e-04 34.48954200744629 20168.812237262726
587 2.380731e-01 1.928231e-01 0.000000e+00 4.524996e-02 2.039495e-04 34.15403079986572 20203.001272678375
588 2.738169e-01 2.284797e-01 0.000000e+00 4.533727e-02 2.039495e-04 33.81034851074219 20236.84472990036
589 2.632580e-01 2.180204e-01 0.000000e+00 4.523756e-02 2.039495e-04 33.58503198623657 20270.456909894943
590 2.242188e-01 1.788946e-01 0.000000e+00 4.532425e-02 2.039495e-04 34.56676721572876 20305.055251836777
591 2.166919e-01 1.714731e-01 0.000000e+00 4.521873e-02 2.039495e-04 33.85043525695801 20338.93755054474
592 2.773226e-01 2.320414e-01 0.000000e+00 4.528127e-02 2.039495e-04 34.209073305130005 20373.177412748337
593 2.668784e-01 2.216287e-01 0.000000e+00 4.524960e-02 2.039495e-04 34.2964243888855 20407.504890203476
594 2.235882e-01 1.784689e-01 0.000000e+00 4.511927e-02 2.039495e-04 34.348113775253296 20441.887724876404
595 2.466471e-01 2.014854e-01 0.000000e+00 4.516161e-02 2.039495e-04 34.331122398376465 20476.25186777115
596 2.559169e-01 2.107385e-01 0.000000e+00 4.517835e-02 2.039495e-04 33.876301765441895 20510.159940242767
597 2.414054e-01 1.961907e-01 0.000000e+00 4.521465e-02 2.039495e-04 33.4298255443573 20543.62160897255
598 2.396214e-01 1.944334e-01 0.000000e+00 4.518804e-02 2.039495e-04 33.972354888916016 20577.625180006027
599 1.988694e-01 1.537026e-01 0.000000e+00 4.516681e-02 2.039495e-04 34.63115358352661 20612.290220737457
600 2.388252e-01 1.937234e-01 0.000000e+00 4.510176e-02 2.039495e-04 34.5730996131897 20646.9092130661
601 2.362913e-01 1.912204e-01 0.000000e+00 4.507094e-02 2.039495e-04 34.36563587188721 20681.30809211731
602 2.471735e-01 2.020970e-01 0.000000e+00 4.507652e-02 2.039495e-04 33.99880242347717 20715.34202337265
603 2.486291e-01 2.035627e-01 0.000000e+00 4.506644e-02 2.039495e-04 35.084850788116455 20750.45203614235
604 2.301545e-01 1.850518e-01 0.000000e+00 4.510271e-02 2.039495e-04 35.22492861747742 20785.710584402084
605 2.248313e-01 1.797711e-01 0.000000e+00 4.506014e-02 1.937533e-04 34.46429777145386 20820.211101531982
606 2.771424e-01 2.319874e-01 0.000000e+00 4.515495e-02 1.937533e-04 34.51975417137146 20854.76320028305
607 2.301372e-01 1.850545e-01 0.000000e+00 4.508269e-02 1.937533e-04 34.43592309951782 20889.23054075241
608 2.257276e-01 1.806829e-01 0.000000e+00 4.504472e-02 1.937533e-04 34.42367434501648 20923.685400009155
609 2.013567e-01 1.563032e-01 0.000000e+00 4.505347e-02 1.937533e-04 34.979511976242065 20958.69933128357
610 2.101495e-01 1.651076e-01 0.000000e+00 4.504194e-02 1.937533e-04 34.42973351478577 20993.15957093239
611 2.483655e-01 2.033453e-01 0.000000e+00 4.502018e-02 1.937533e-04 34.698877573013306 21027.891931533813
612 2.516414e-01 2.066724e-01 0.000000e+00 4.496893e-02 1.937533e-04 34.3148877620697 21062.245701789856
613 2.551617e-01 2.101823e-01 0.000000e+00 4.497938e-02 1.937533e-04 35.509570598602295 21097.78047466278
614 2.292594e-01 1.842706e-01 0.000000e+00 4.498883e-02 1.937533e-04 34.28647208213806 21132.09933257103
615 1.851029e-01 1.401679e-01 0.000000e+00 4.493501e-02 1.937533e-04 34.27587914466858 21166.402158260345
616 2.719493e-01 2.270336e-01 0.000000e+00 4.491570e-02 1.937533e-04 34.46892070770264 21200.919492959976
617 1.976106e-01 1.526968e-01 0.000000e+00 4.491376e-02 1.937533e-04 34.328392028808594 21235.282522678375
618 2.093963e-01 1.643853e-01 0.000000e+00 4.501102e-02 1.937533e-04 34.75835967063904 21270.074764728546
619 2.126545e-01 1.677550e-01 0.000000e+00 4.489944e-02 1.937533e-04 34.64936685562134 21304.758186101913
620 2.166912e-01 1.717013e-01 0.000000e+00 4.498989e-02 1.937533e-04 34.491201639175415 21339.309067726135
621 1.895153e-01 1.446183e-01 0.000000e+00 4.489699e-02 1.937533e-04 34.75742149353027 21374.100093364716
622 2.160260e-01 1.711606e-01 0.000000e+00 4.486545e-02 1.937533e-04 34.301727533340454 21408.461931467056
623 2.338949e-01 1.890128e-01 0.000000e+00 4.488215e-02 1.937533e-04 35.45317482948303 21443.951028347015
624 2.104645e-01 1.655926e-01 0.000000e+00 4.487187e-02 1.937533e-04 34.43350028991699 21478.419927358627
625 2.233499e-01 1.783959e-01 0.000000e+00 4.495400e-02 1.840669e-04 34.25520896911621 21512.7090446949
626 2.440931e-01 1.991792e-01 0.000000e+00 4.491392e-02 1.840669e-04 34.4818217754364 21547.226019859314
627 2.157383e-01 1.709596e-01 0.000000e+00 4.477866e-02 1.840669e-04 35.14234209060669 21582.40407562256
628 2.070074e-01 1.622014e-01 0.000000e+00 4.480597e-02 1.840669e-04 34.54175925254822 21616.9801299572
629 2.214009e-01 1.765967e-01 0.000000e+00 4.480419e-02 1.840669e-04 34.75783085823059 21651.7715446949
630 2.071311e-01 1.622721e-01 0.000000e+00 4.485902e-02 1.840669e-04 34.515782833099365 21686.322207927704
631 2.127584e-01 1.679221e-01 0.000000e+00 4.483637e-02 1.840669e-04 34.426716566085815 21720.781168222427
632 2.121132e-01 1.673485e-01 0.000000e+00 4.476472e-02 1.840669e-04 34.720664739608765 21755.53209042549
633 1.804078e-01 1.356384e-01 0.000000e+00 4.476946e-02 1.840669e-04 34.4820511341095 21790.054114580154
634 2.252917e-01 1.805057e-01 0.000000e+00 4.478600e-02 1.840669e-04 34.48745012283325 21824.587973594666
635 2.218979e-01 1.771001e-01 0.000000e+00 4.479781e-02 1.840669e-04 34.56930112838745 21859.19168806076
636 2.383181e-01 1.935471e-01 0.000000e+00 4.477097e-02 1.840669e-04 34.60186505317688 21893.82560157776
637 2.096465e-01 1.649505e-01 0.000000e+00 4.469604e-02 1.840669e-04 34.28989100456238 21928.149831056595
638 2.123211e-01 1.675030e-01 0.000000e+00 4.481812e-02 1.840669e-04 34.23240947723389 21962.415765047073
639 1.938782e-01 1.491032e-01 0.000000e+00 4.477501e-02 1.840669e-04 34.41098880767822 21996.861230134964
640 2.150181e-01 1.702722e-01 0.000000e+00 4.474591e-02 1.840669e-04 34.636980295181274 22031.533245801926
641 2.625210e-01 2.178196e-01 0.000000e+00 4.470140e-02 1.840669e-04 34.04699897766113 22065.610344409943
642 1.948031e-01 1.500263e-01 0.000000e+00 4.477676e-02 1.840669e-04 34.50725984573364 22100.142104148865
643 1.879254e-01 1.432576e-01 0.000000e+00 4.466776e-02 1.840669e-04 34.19208121299744 22134.37006354332
644 2.430737e-01 1.983338e-01 0.000000e+00 4.473985e-02 1.748647e-04 34.512847661972046 22168.917471647263
645 2.004687e-01 1.558376e-01 0.000000e+00 4.463113e-02 1.748647e-04 34.1281099319458 22203.07971096039
646 1.646302e-01 1.199380e-01 0.000000e+00 4.469213e-02 1.748647e-04 34.72044110298157 22237.834662675858
647 1.923301e-01 1.476986e-01 0.000000e+00 4.463149e-02 1.748647e-04 34.46116280555725 22272.372413396835
648 2.433664e-01 1.987017e-01 0.000000e+00 4.466469e-02 1.748647e-04 34.749460220336914 22307.177442073822
649 1.811183e-01 1.364612e-01 0.000000e+00 4.465717e-02 1.748647e-04 34.77854061126709 22341.98973464966
650 1.979105e-01 1.533073e-01 0.000000e+00 4.460323e-02 1.748647e-04 34.44542574882507 22376.469781398773
651 2.398951e-01 1.952538e-01 0.000000e+00 4.464128e-02 1.748647e-04 34.79413938522339 22411.298918008804
652 2.135245e-01 1.689619e-01 0.000000e+00 4.456265e-02 1.748647e-04 34.872318744659424 22446.208878993988
653 2.008820e-01 1.562965e-01 0.000000e+00 4.458548e-02 1.748647e-04 35.58848309516907 22481.829389572144
654 2.042738e-01 1.596224e-01 0.000000e+00 4.465140e-02 1.748647e-04 34.745741844177246 22516.60998225212
655 1.654259e-01 1.207999e-01 0.000000e+00 4.462599e-02 1.748647e-04 34.50043344497681 22551.141401290894
656 2.211810e-01 1.765746e-01 0.000000e+00 4.460643e-02 1.748647e-04 34.470558404922485 22585.6449406147
657 2.160450e-01 1.714454e-01 0.000000e+00 4.459962e-02 1.748647e-04 34.57068490982056 22620.24925303459
658 1.824705e-01 1.379296e-01 0.000000e+00 4.454091e-02 1.748647e-04 34.55522060394287 22654.835414409637
659 2.007448e-01 1.561093e-01 0.000000e+00 4.463555e-02 1.748647e-04 34.25849795341492 22689.129332780838
660 1.800946e-01 1.355489e-01 0.000000e+00 4.454576e-02 1.748647e-04 34.3326416015625 22723.498134851456
661 2.007120e-01 1.561989e-01 0.000000e+00 4.451310e-02 1.748647e-04 36.5738570690155 22760.10205554962
662 2.236730e-01 1.792102e-01 0.000000e+00 4.446280e-02 1.748647e-04 35.11361789703369 22795.25039625168
663 2.145024e-01 1.700089e-01 0.000000e+00 4.449351e-02 1.748647e-04 35.225290298461914 22830.50794839859
664 1.985604e-01 1.539884e-01 0.000000e+00 4.457203e-02 1.661226e-04 34.62260055541992 22865.155574560165
665 1.638027e-01 1.192958e-01 0.000000e+00 4.450687e-02 1.661226e-04 35.23845410346985 22900.42486691475
666 1.832104e-01 1.386915e-01 0.000000e+00 4.451885e-02 1.661226e-04 34.53766703605652 22935.009160995483
667 2.255056e-01 1.810395e-01 0.000000e+00 4.446605e-02 1.661226e-04 34.549800872802734 22969.592908620834
668 2.142951e-01 1.697739e-01 0.000000e+00 4.452125e-02 1.661226e-04 35.16876173019409 23004.787796258926
669 1.893014e-01 1.448251e-01 0.000000e+00 4.447630e-02 1.661226e-04 34.901978969573975 23039.723869800568
670 1.825205e-01 1.380602e-01 0.000000e+00 4.446034e-02 1.661226e-04 34.82308077812195 23074.580146551132
671 2.155023e-01 1.710781e-01 0.000000e+00 4.442416e-02 1.661226e-04 34.50650668144226 23109.12367606163
672 1.916367e-01 1.471755e-01 0.000000e+00 4.446122e-02 1.661226e-04 34.55168700218201 23143.707913160324
673 2.345074e-01 1.900405e-01 0.000000e+00 4.446692e-02 1.661226e-04 34.12478542327881 23177.86369562149
674 2.074935e-01 1.630400e-01 0.000000e+00 4.445346e-02 1.661226e-04 34.50941276550293 23212.40098953247
675 2.163662e-01 1.719535e-01 0.000000e+00 4.441275e-02 1.661226e-04 34.28009247779846 23246.717614412308
676 1.684527e-01 1.240946e-01 0.000000e+00 4.435812e-02 1.661226e-04 34.37580919265747 23281.126624584198
677 1.961498e-01 1.517676e-01 0.000000e+00 4.438220e-02 1.661226e-04 34.457077503204346 23315.61759519577
678 2.058109e-01 1.614168e-01 0.000000e+00 4.439406e-02 1.661226e-04 34.05090093612671 23349.701127290726
679 2.293020e-01 1.849112e-01 0.000000e+00 4.439077e-02 1.661226e-04 34.325786113739014 23384.060851335526
680 1.955387e-01 1.511229e-01 0.000000e+00 4.441579e-02 1.661226e-04 34.79554319381714 23418.88767671585
681 2.135026e-01 1.691484e-01 0.000000e+00 4.435425e-02 1.661226e-04 34.2461199760437 23453.162767887115
682 1.656444e-01 1.212913e-01 0.000000e+00 4.435308e-02 1.661226e-04 34.70736742019653 23487.8960814476
683 2.162038e-01 1.717783e-01 0.000000e+00 4.442548e-02 1.578175e-04 34.814473152160645 23522.74406194687
684 1.989282e-01 1.545853e-01 0.000000e+00 4.434287e-02 1.578175e-04 34.64634394645691 23557.46205353737
685 1.921115e-01 1.477487e-01 0.000000e+00 4.436279e-02 1.578175e-04 34.34045195579529 23591.837133169174
686 1.809567e-01 1.366710e-01 0.000000e+00 4.428563e-02 1.578175e-04 34.87250995635986 23626.741102457047
687 2.025117e-01 1.581787e-01 0.000000e+00 4.433295e-02 1.578175e-04 35.37783193588257 23662.14907836914
688 1.967907e-01 1.525665e-01 0.000000e+00 4.422421e-02 1.578175e-04 35.04020547866821 23697.213965654373
689 1.640484e-01 1.197056e-01 0.000000e+00 4.434280e-02 1.578175e-04 34.822776794433594 23732.06762599945
690 1.964264e-01 1.521287e-01 0.000000e+00 4.429769e-02 1.578175e-04 35.06484532356262 23767.163408517838
691 1.831025e-01 1.388280e-01 0.000000e+00 4.427446e-02 1.578175e-04 35.274970293045044 23802.469986200333
692 1.703412e-01 1.260405e-01 0.000000e+00 4.430070e-02 1.578175e-04 34.48588156700134 23836.9871199131
693 2.002519e-01 1.560385e-01 0.000000e+00 4.421343e-02 1.578175e-04 34.29911470413208 23871.32005929947
694 1.963548e-01 1.521004e-01 0.000000e+00 4.425440e-02 1.578175e-04 34.35905313491821 23905.714666843414
695 1.895133e-01 1.452947e-01 0.000000e+00 4.421865e-02 1.578175e-04 34.311723947525024 23940.058111190796
696 1.840364e-01 1.397773e-01 0.000000e+00 4.425909e-02 1.578175e-04 34.66336703300476 23974.75290298462
697 1.598208e-01 1.155476e-01 0.000000e+00 4.427316e-02 1.578175e-04 34.367058992385864 24009.146999120712
698 1.826055e-01 1.383862e-01 0.000000e+00 4.421932e-02 1.578175e-04 33.986454486846924 24043.17916584015
699 1.921074e-01 1.478987e-01 0.000000e+00 4.420871e-02 1.578175e-04 34.494720697402954 24077.708676815033
700 1.780277e-01 1.338126e-01 0.000000e+00 4.421511e-02 1.578175e-04 33.84157633781433 24111.576330423355
701 1.799436e-01 1.357536e-01 0.000000e+00 4.419002e-02 1.578175e-04 34.18258357048035 24145.78502368927
702 2.011487e-01 1.569636e-01 0.000000e+00 4.418509e-02 1.499277e-04 33.8586311340332 24179.674291849136
703 1.887591e-01 1.445869e-01 0.000000e+00 4.417214e-02 1.499277e-04 34.850367069244385 24214.55621099472
704 2.055795e-01 1.613774e-01 0.000000e+00 4.420202e-02 1.499277e-04 34.36912226676941 24248.963256835938
705 2.012712e-01 1.571303e-01 0.000000e+00 4.414092e-02 1.499277e-04 34.52611994743347 24283.520179986954
706 1.900434e-01 1.458628e-01 0.000000e+00 4.418061e-02 1.499277e-04 34.81326913833618 24318.364439487457
707 1.779613e-01 1.338414e-01 0.000000e+00 4.411985e-02 1.499277e-04 33.516268730163574 24351.911823511124
708 2.001606e-01 1.559819e-01 0.000000e+00 4.417875e-02 1.499277e-04 33.90384340286255 24385.8439180851
709 1.757668e-01 1.316415e-01 0.000000e+00 4.412532e-02 1.499277e-04 33.74963927268982 24419.62811088562
710 1.597877e-01 1.156505e-01 0.000000e+00 4.413715e-02 1.499277e-04 34.156845808029175 24453.816076278687
711 1.871832e-01 1.430504e-01 0.000000e+00 4.413285e-02 1.499277e-04 34.57585096359253 24488.44054389
712 2.024475e-01 1.583047e-01 0.000000e+00 4.414278e-02 1.499277e-04 34.43483352661133 24522.906774520874
713 2.010527e-01 1.569108e-01 0.000000e+00 4.414191e-02 1.499277e-04 33.87151646614075 24556.80903863907
714 1.939880e-01 1.499302e-01 0.000000e+00 4.405784e-02 1.499277e-04 33.8839795589447 24590.7244784832
715 1.732270e-01 1.291317e-01 0.000000e+00 4.409528e-02 1.499277e-04 34.36322259902954 24625.118445158005
716 1.600015e-01 1.159323e-01 0.000000e+00 4.406917e-02 1.499277e-04 33.91154098510742 24659.058084011078
717 1.807087e-01 1.365599e-01 0.000000e+00 4.414872e-02 1.499277e-04 34.16107988357544 24693.251396656036
718 1.557477e-01 1.117063e-01 0.000000e+00 4.404146e-02 1.499277e-04 33.831565380096436 24727.1132273674
719 1.871518e-01 1.431382e-01 0.000000e+00 4.401363e-02 1.499277e-04 33.96620965003967 24761.117536067963
720 1.882090e-01 1.441527e-01 0.000000e+00 4.405627e-02 1.499277e-04 33.68224906921387 24794.831506729126
