epoch	 loss	 RMSE_Etot	 RMSE_Ei	 RMSE_F	 real_lr	 epoch_time	 wall_time
1 1.141812e+01 1.129948e+01 0.000000e+00 1.186474e-01 5.987773e-04 288.2467272281647 288.2639033794403
2 9.629713e+00 9.554775e+00 0.000000e+00 7.493828e-02 5.987773e-04 207.76898312568665 496.07389068603516
3 3.816286e+00 3.749984e+00 0.000000e+00 6.630264e-02 5.688423e-04 192.04443049430847 688.1602838039398
4 5.392524e+00 5.324213e+00 0.000000e+00 6.831103e-02 5.688423e-04 199.23209857940674 887.4322021007538
5 3.709271e+00 3.642760e+00 0.000000e+00 6.651123e-02 5.688423e-04 189.7576448917389 1077.21683883667
6 3.654225e+00 3.588815e+00 0.000000e+00 6.541018e-02 5.404038e-04 192.3928303718567 1269.6541130542755
7 2.547858e+00 2.485367e+00 0.000000e+00 6.249067e-02 5.404038e-04 192.8772838115692 1462.5742950439453
8 1.877132e+00 1.814157e+00 0.000000e+00 6.297524e-02 5.404038e-04 192.6975076198578 1655.3061094284058
9 4.622987e+00 4.558261e+00 0.000000e+00 6.472577e-02 5.133871e-04 192.68111324310303 1848.0275392532349
10 3.717694e+00 3.655647e+00 0.000000e+00 6.204688e-02 5.133871e-04 191.4497091770172 2039.509717464447
11 2.520558e+00 2.460319e+00 0.000000e+00 6.023916e-02 4.877210e-04 193.41440439224243 2232.9596989154816
12 3.266387e+00 3.205928e+00 0.000000e+00 6.045893e-02 4.877210e-04 198.0990207195282 2431.092039823532
13 1.302447e+00 1.248671e+00 0.000000e+00 5.377589e-02 4.877210e-04 214.41871643066406 2645.5448520183563
14 1.956386e+00 1.903373e+00 0.000000e+00 5.301335e-02 4.633381e-04 225.1305286884308 2870.715903520584
15 1.908459e+00 1.856969e+00 0.000000e+00 5.148958e-02 4.633381e-04 196.4930875301361 3067.2356400489807
16 2.480666e+00 2.426396e+00 0.000000e+00 5.427053e-02 4.633381e-04 192.8703122138977 3260.1425013542175
17 1.251251e+00 1.201237e+00 0.000000e+00 5.001335e-02 4.401742e-04 190.4436867237091 3450.6378486156464
18 1.562300e+00 1.510831e+00 0.000000e+00 5.146840e-02 4.401742e-04 188.1077742576599 3638.786684036255
19 2.008299e+00 1.955477e+00 0.000000e+00 5.282197e-02 4.401742e-04 192.0402364730835 3830.860612630844
20 1.419934e+00 1.370547e+00 0.000000e+00 4.938685e-02 4.181683e-04 190.26952242851257 4021.1681394577026
21 1.250899e+00 1.201576e+00 0.000000e+00 4.932357e-02 4.181683e-04 190.68834948539734 4211.892878293991
22 1.836147e+00 1.782120e+00 0.000000e+00 5.402754e-02 3.972626e-04 191.05847930908203 4402.991554260254
23 1.312915e+00 1.263509e+00 0.000000e+00 4.940617e-02 3.972626e-04 190.38527989387512 4593.413963317871
24 1.398528e+00 1.350403e+00 0.000000e+00 4.812513e-02 3.972626e-04 188.3251039981842 4781.771760940552
25 1.675319e+00 1.622282e+00 0.000000e+00 5.303669e-02 3.774020e-04 193.92048454284668 4975.734624385834
26 1.504467e+00 1.455179e+00 0.000000e+00 4.928785e-02 3.774020e-04 222.2523398399353 5198.02136182785
27 1.762943e+00 1.714536e+00 0.000000e+00 4.840776e-02 3.774020e-04 231.43512344360352 5429.488548755646
28 9.751814e-01 9.281189e-01 0.000000e+00 4.706251e-02 3.585343e-04 200.84495568275452 5630.370118141174
29 1.577182e+00 1.530066e+00 0.000000e+00 4.711622e-02 3.585343e-04 191.75620865821838 5822.166924238205
30 1.456604e+00 1.409821e+00 0.000000e+00 4.678264e-02 3.585343e-04 188.16574358940125 6010.3680720329285
31 1.091257e+00 1.044797e+00 0.000000e+00 4.646015e-02 3.406099e-04 189.92980670928955 6200.335138082504
32 1.578200e+00 1.532268e+00 0.000000e+00 4.593214e-02 3.406099e-04 190.64652848243713 6391.0168170928955
33 1.921440e+00 1.875405e+00 0.000000e+00 4.603529e-02 3.406099e-04 189.08167362213135 6580.12490773201
34 8.905010e-01 8.448746e-01 0.000000e+00 4.562643e-02 3.235816e-04 190.16312503814697 6770.361253738403
35 8.650871e-01 8.198596e-01 0.000000e+00 4.522756e-02 3.235816e-04 190.26006293296814 6960.665843486786
36 1.259803e+00 1.214262e+00 0.000000e+00 4.554103e-02 3.074046e-04 189.95585370063782 7150.662113428116
37 1.518183e+00 1.473233e+00 0.000000e+00 4.494992e-02 3.074046e-04 190.07953333854675 7340.776253700256
38 1.011225e+00 9.663948e-01 0.000000e+00 4.482983e-02 3.074046e-04 194.82901620864868 7535.637196302414
39 1.314532e+00 1.269175e+00 0.000000e+00 4.535747e-02 2.920363e-04 210.56285667419434 7746.235040426254
40 8.635420e-01 8.189777e-01 0.000000e+00 4.456425e-02 2.920363e-04 218.8552007675171 7965.121385574341
41 1.326590e+00 1.281926e+00 0.000000e+00 4.466400e-02 2.920363e-04 200.83043718338013 8165.99310874939
42 5.984723e-01 5.539077e-01 0.000000e+00 4.456460e-02 2.774364e-04 192.38584756851196 8358.414431095123
43 9.798909e-01 9.353925e-01 0.000000e+00 4.449839e-02 2.774364e-04 191.05646562576294 8549.513276576996
44 1.148658e+00 1.104322e+00 0.000000e+00 4.433541e-02 2.774364e-04 190.8423478603363 8740.390590667725
45 1.031447e+00 9.869983e-01 0.000000e+00 4.444880e-02 2.635663e-04 189.05685186386108 8929.48017001152
46 7.685356e-01 7.244331e-01 0.000000e+00 4.410249e-02 2.635663e-04 189.6278998851776 9119.142760038376
47 1.515007e+00 1.470869e+00 0.000000e+00 4.413821e-02 2.503897e-04 190.8671863079071 9310.043006420135
48 5.376240e-01 4.933243e-01 0.000000e+00 4.429967e-02 2.503897e-04 191.82465887069702 9501.904046297073
49 1.178451e+00 1.134326e+00 0.000000e+00 4.412464e-02 2.503897e-04 189.6556715965271 9691.601397037506
50 5.957576e-01 5.517524e-01 0.000000e+00 4.400520e-02 2.378718e-04 189.14598941802979 9880.785232543945
51 9.114075e-01 8.673131e-01 0.000000e+00 4.409433e-02 2.378718e-04 196.2840440273285 10077.103829622269
52 9.949300e-01 9.510033e-01 0.000000e+00 4.392677e-02 2.378718e-04 214.1243052482605 10291.264903306961
53 7.223855e-01 6.784157e-01 0.000000e+00 4.396974e-02 2.259798e-04 220.30063128471375 10511.67309832573
54 1.383091e+00 1.339338e+00 0.000000e+00 4.375307e-02 2.259798e-04 204.69567561149597 10716.405934810638
55 4.323888e-01 3.886225e-01 0.000000e+00 4.376625e-02 2.259798e-04 195.97090101242065 10912.408661603928
56 1.479396e+00 1.435606e+00 0.000000e+00 4.379055e-02 2.146822e-04 188.08323287963867 11100.535434484482
57 3.414948e-01 2.978302e-01 0.000000e+00 4.366461e-02 2.146822e-04 192.56729221343994 11293.138660907745
58 1.272619e+00 1.228984e+00 0.000000e+00 4.363496e-02 2.146822e-04 190.37237429618835 11483.5506336689
59 3.610514e-01 3.174082e-01 0.000000e+00 4.364327e-02 2.039495e-04 191.03403234481812 11674.616099119186
60 1.389173e+00 1.345575e+00 0.000000e+00 4.359838e-02 2.039495e-04 192.0320053100586 11866.685391664505
61 3.241566e-01 2.806159e-01 0.000000e+00 4.354075e-02 1.937533e-04 189.8976604938507 12056.620515584946
62 9.848665e-01 9.412849e-01 0.000000e+00 4.358162e-02 1.937533e-04 188.08706879615784 12244.748569965363
63 5.562449e-01 5.127812e-01 0.000000e+00 4.346374e-02 1.937533e-04 193.1489622592926 12437.923861980438
64 1.051821e+00 1.008163e+00 0.000000e+00 4.365746e-02 1.840669e-04 200.40558910369873 12638.36474776268
65 4.696344e-01 4.262307e-01 0.000000e+00 4.340375e-02 1.840669e-04 211.73345971107483 12850.133919239044
66 1.244355e+00 1.200951e+00 0.000000e+00 4.340447e-02 1.840669e-04 209.95537972450256 13060.124735832214
67 3.277137e-01 2.843705e-01 0.000000e+00 4.334323e-02 1.748647e-04 200.40178513526917 13260.560980319977
68 1.111052e+00 1.067656e+00 0.000000e+00 4.339586e-02 1.748647e-04 192.07733154296875 13452.674800634384
69 3.195575e-01 2.762726e-01 0.000000e+00 4.328492e-02 1.748647e-04 190.62423253059387 13643.331307649612
70 1.126391e+00 1.083023e+00 0.000000e+00 4.336837e-02 1.661226e-04 187.93575882911682 13831.310598611832
71 3.288856e-01 2.856730e-01 0.000000e+00 4.321262e-02 1.661226e-04 187.8173110485077 14019.161016464233
72 9.366216e-01 8.932027e-01 0.000000e+00 4.341893e-02 1.578175e-04 191.87121653556824 14211.065744876862
73 3.669229e-01 3.237510e-01 0.000000e+00 4.317190e-02 1.578175e-04 188.91523003578186 14400.014186620712
74 1.010011e+00 9.667412e-01 0.000000e+00 4.326955e-02 1.578175e-04 190.26372957229614 14590.31377530098
75 3.301928e-01 2.870754e-01 0.000000e+00 4.311738e-02 1.499277e-04 192.9597954750061 14783.313912630081
76 1.062543e+00 1.019419e+00 0.000000e+00 4.312432e-02 1.499277e-04 189.95433354377747 14973.295394420624
77 2.862267e-01 2.431561e-01 0.000000e+00 4.307067e-02 1.499277e-04 201.49137806892395 15174.819196462631
78 9.941901e-01 9.510660e-01 0.000000e+00 4.312414e-02 1.424323e-04 209.87028288841248 15384.73372745514
79 2.701601e-01 2.271327e-01 0.000000e+00 4.302734e-02 1.424323e-04 213.98411321640015 15598.750588655472
80 9.961465e-01 9.530930e-01 0.000000e+00 4.305356e-02 1.424323e-04 201.07675504684448 15799.86885523796
81 2.664801e-01 2.235111e-01 0.000000e+00 4.296898e-02 1.353116e-04 195.66777539253235 15995.56975197792
82 9.765300e-01 9.335007e-01 0.000000e+00 4.302933e-02 1.353116e-04 192.8856770992279 16188.501016616821
83 2.510810e-01 2.081505e-01 0.000000e+00 4.293044e-02 1.353116e-04 190.39010787010193 16378.923676013947
84 1.009643e+00 9.666910e-01 0.000000e+00 4.295193e-02 1.285468e-04 189.50779819488525 16568.476524591446
85 2.598961e-01 2.170196e-01 0.000000e+00 4.287644e-02 1.285468e-04 191.31666803359985 16759.830574274063
86 9.342841e-01 8.913725e-01 0.000000e+00 4.291162e-02 1.221203e-04 190.2541046142578 16950.112527132034
87 2.398333e-01 1.970016e-01 0.000000e+00 4.283174e-02 1.221203e-04 188.24682021141052 17138.396963834763
88 8.447111e-01 8.018340e-01 0.000000e+00 4.287717e-02 1.221203e-04 187.94170570373535 17326.37244105339
89 2.240675e-01 1.812803e-01 0.000000e+00 4.278721e-02 1.160151e-04 190.2682774066925 17516.676761865616
90 7.672868e-01 7.244736e-01 0.000000e+00 4.281314e-02 1.160151e-04 206.24617433547974 17722.966605186462
91 2.330691e-01 1.903286e-01 0.000000e+00 4.274050e-02 1.160151e-04 207.6099877357483 17930.614040374756
92 8.486108e-01 8.058470e-01 0.000000e+00 4.276381e-02 1.102151e-04 210.18443608283997 18140.83440232277
93 2.051660e-01 1.624942e-01 0.000000e+00 4.267183e-02 1.102151e-04 202.86531710624695 18343.732342004776
94 8.295165e-01 7.868244e-01 0.000000e+00 4.269205e-02 1.102151e-04 190.97744345664978 18534.749339580536
95 2.126081e-01 1.699875e-01 0.000000e+00 4.262055e-02 1.047050e-04 190.18921494483948 18724.97513961792
96 7.810350e-01 7.384147e-01 0.000000e+00 4.262031e-02 1.047050e-04 189.36601209640503 18914.37961792946
97 1.945623e-01 1.519935e-01 0.000000e+00 4.256877e-02 9.947045e-05 191.0505509376526 19105.465015888214
98 7.918086e-01 7.492031e-01 0.000000e+00 4.260546e-02 9.947045e-05 191.2249984741211 19296.730758428574
99 1.809217e-01 1.384121e-01 0.000000e+00 4.250954e-02 9.947045e-05 188.46707010269165 19485.23203420639
100 7.726249e-01 7.300610e-01 0.000000e+00 4.256390e-02 9.449757e-05 188.2084174156189 19673.474571704865
101 1.858902e-01 1.434246e-01 0.000000e+00 4.246556e-02 9.449757e-05 189.00666427612305 19862.518144130707
102 7.059946e-01 6.635019e-01 0.000000e+00 4.249276e-02 9.449757e-05 193.54040241241455 20056.092296123505
103 1.912264e-01 1.488067e-01 0.000000e+00 4.241963e-02 8.977330e-05 199.64584732055664 20255.772558927536
104 7.146766e-01 6.722310e-01 0.000000e+00 4.244564e-02 8.977330e-05 206.50625944137573 20462.314330101013
105 1.731196e-01 1.307466e-01 0.000000e+00 4.237301e-02 8.977330e-05 207.9648473262787 20670.314486265182
106 7.446702e-01 7.022682e-01 0.000000e+00 4.240200e-02 8.528521e-05 203.45084261894226 20873.809524059296
107 1.594918e-01 1.171524e-01 0.000000e+00 4.233941e-02 8.528521e-05 194.70890760421753 21068.551882743835
108 7.181842e-01 6.758386e-01 0.000000e+00 4.234560e-02 8.102149e-05 188.79132080078125 21257.384287834167
109 1.585964e-01 1.162944e-01 0.000000e+00 4.230196e-02 8.102149e-05 188.06599617004395 21445.485208034515
110 6.185427e-01 5.762322e-01 0.000000e+00 4.231044e-02 8.102149e-05 194.13614010810852 21639.661008358
111 1.707675e-01 1.285021e-01 0.000000e+00 4.226541e-02 7.697094e-05 189.92611956596375 21829.619253873825
112 5.866400e-01 5.443665e-01 0.000000e+00 4.227345e-02 7.697094e-05 190.29017567634583 22019.946054697037
113 1.685737e-01 1.263428e-01 0.000000e+00 4.223088e-02 7.697094e-05 189.75429916381836 22209.733377456665
114 6.432191e-01 6.009668e-01 0.000000e+00 4.225225e-02 7.312288e-05 189.21367764472961 22398.98055291176
115 1.539854e-01 1.117866e-01 0.000000e+00 4.219884e-02 7.312288e-05 191.52861309051514 22590.5406665802
116 5.991037e-01 5.568855e-01 0.000000e+00 4.221823e-02 7.312288e-05 196.444237947464 22787.02544260025
117 1.479487e-01 1.057780e-01 0.000000e+00 4.217071e-02 6.946721e-05 211.58345437049866 22998.641884088516
118 6.395739e-01 5.974123e-01 0.000000e+00 4.216158e-02 6.946721e-05 213.2206449508667 23211.905692100525
119 1.359546e-01 9.380627e-02 0.000000e+00 4.214837e-02 6.946721e-05 202.91086983680725 23414.842648983
120 6.045099e-01 5.623734e-01 0.000000e+00 4.213648e-02 6.599429e-05 195.8632345199585 23610.74456334114
121 1.420043e-01 9.988473e-02 0.000000e+00 4.211961e-02 6.599429e-05 192.99444365501404 23803.77272439003
122 5.569502e-01 5.148123e-01 0.000000e+00 4.213792e-02 6.269500e-05 189.10439538955688 23992.90985608101
123 1.466930e-01 1.046022e-01 0.000000e+00 4.209087e-02 6.269500e-05 187.80719566345215 24180.75423669815
124 5.521495e-01 5.100552e-01 0.000000e+00 4.209426e-02 6.269500e-05 188.56732320785522 24369.354760169983
125 1.436956e-01 1.016201e-01 0.000000e+00 4.207551e-02 5.956065e-05 188.7128462791443 24558.09939479828
126 5.024334e-01 4.603809e-01 0.000000e+00 4.205253e-02 5.956065e-05 187.6482093334198 24745.7826731205
127 1.518933e-01 1.098426e-01 0.000000e+00 4.205067e-02 5.956065e-05 189.53657364845276 24935.353593826294
128 5.264095e-01 4.843658e-01 0.000000e+00 4.204374e-02 5.658300e-05 198.75043416023254 25134.14250087738
129 1.358039e-01 9.378188e-02 0.000000e+00 4.202202e-02 5.658300e-05 198.6931710243225 25332.8665664196
130 5.073102e-01 4.652923e-01 0.000000e+00 4.201788e-02 5.658300e-05 204.781152009964 25537.691571474075
131 1.382331e-01 9.622674e-02 0.000000e+00 4.200634e-02 5.375422e-05 208.6195352077484 25746.345930337906
132 4.777580e-01 4.357655e-01 0.000000e+00 4.199246e-02 5.375422e-05 207.5020396709442 25953.885149478912
133 1.411807e-01 9.920103e-02 0.000000e+00 4.197962e-02 5.106685e-05 195.40346550941467 26149.321677923203
134 5.093164e-01 4.673504e-01 0.000000e+00 4.196603e-02 5.106685e-05 190.765474319458 26340.122694969177
135 1.281519e-01 8.618652e-02 0.000000e+00 4.196537e-02 5.106685e-05 188.77398896217346 26528.933651208878
136 4.769930e-01 4.350448e-01 0.000000e+00 4.194827e-02 4.851383e-05 188.45509672164917 26717.427012205124
137 1.323830e-01 9.043670e-02 0.000000e+00 4.194628e-02 4.851383e-05 189.31259512901306 26906.772448539734
138 4.257821e-01 3.838539e-01 0.000000e+00 4.192820e-02 4.851383e-05 189.24823427200317 27096.056621313095
139 1.407911e-01 9.886845e-02 0.000000e+00 4.192262e-02 4.608845e-05 191.49200439453125 27287.584210395813
140 4.042002e-01 3.622928e-01 0.000000e+00 4.190738e-02 4.608845e-05 192.7433204650879 27480.362911701202
141 1.407858e-01 9.887888e-02 0.000000e+00 4.190689e-02 4.608845e-05 194.79489612579346 27675.19260787964
142 4.387418e-01 3.968516e-01 0.000000e+00 4.189020e-02 4.378433e-05 199.12565636634827 27874.35066485405
143 1.240571e-01 8.216640e-02 0.000000e+00 4.189072e-02 4.378433e-05 216.33075046539307 28090.713244199753
144 4.085366e-01 3.666621e-01 0.000000e+00 4.187455e-02 4.378433e-05 208.20829892158508 28298.96124792099
145 1.233304e-01 8.146051e-02 0.000000e+00 4.186986e-02 4.159539e-05 203.75712394714355 28502.754232168198
146 4.071644e-01 3.653113e-01 0.000000e+00 4.185307e-02 4.159539e-05 196.54307866096497 28699.354217529297
147 1.229549e-01 8.110289e-02 0.000000e+00 4.185205e-02 3.951589e-05 189.94438195228577 28889.333222150803
148 3.629939e-01 3.211568e-01 0.000000e+00 4.183719e-02 3.951589e-05 188.18185544013977 29077.557042360306
149 1.260795e-01 8.424041e-02 0.000000e+00 4.183907e-02 3.951589e-05 190.397358417511 29267.990565776825
150 3.889884e-01 3.471655e-01 0.000000e+00 4.182291e-02 3.754035e-05 188.9475393295288 29456.971940755844
151 1.238733e-01 8.205041e-02 0.000000e+00 4.182292e-02 3.754035e-05 186.33875727653503 29643.342108249664
152 3.477198e-01 3.059146e-01 0.000000e+00 4.180519e-02 3.754035e-05 192.2944118976593 29835.7184343338
153 1.287375e-01 8.693217e-02 0.000000e+00 4.180528e-02 3.566357e-05 190.51880741119385 30026.271184921265
154 3.176643e-01 2.758755e-01 0.000000e+00 4.178883e-02 3.566357e-05 196.9648334980011 30223.273607969284
155 1.318545e-01 9.006211e-02 0.000000e+00 4.179239e-02 3.566357e-05 200.79163908958435 30424.100618600845
156 3.320814e-01 2.903060e-01 0.000000e+00 4.177543e-02 3.388062e-05 209.37327218055725 30633.509804964066
157 1.247041e-01 8.292537e-02 0.000000e+00 4.177872e-02 3.388062e-05 206.6386444568634 30840.18203830719
158 3.069419e-01 2.651808e-01 0.000000e+00 4.176106e-02 3.218681e-05 199.52213191986084 31039.738512277603
159 1.283648e-01 8.660020e-02 0.000000e+00 4.176460e-02 3.218681e-05 197.80963039398193 31237.58398079872
160 2.838422e-01 2.420940e-01 0.000000e+00 4.174819e-02 3.218681e-05 194.10391211509705 31431.721630096436
161 1.344421e-01 9.269270e-02 0.000000e+00 4.174942e-02 3.057767e-05 189.294180393219 31621.050073862076
162 2.814787e-01 2.397444e-01 0.000000e+00 4.173439e-02 3.057767e-05 191.67800045013428 31812.763261556625
163 1.255362e-01 8.379431e-02 0.000000e+00 4.174192e-02 3.057767e-05 189.5457398891449 32002.34379172325
164 2.961011e-01 2.543787e-01 0.000000e+00 4.172235e-02 2.904898e-05 186.0762174129486 32188.45281457901
165 1.208057e-01 7.907887e-02 0.000000e+00 4.172679e-02 2.904898e-05 190.95784163475037 32379.44837832451
166 2.585976e-01 2.168834e-01 0.000000e+00 4.171423e-02 2.904898e-05 192.27028679847717 32571.76106452942
167 1.264263e-01 8.471113e-02 0.000000e+00 4.171514e-02 2.759672e-05 196.7976999282837 32768.593257665634
168 2.523075e-01 2.106080e-01 0.000000e+00 4.169951e-02 2.759672e-05 200.98713088035583 32969.61194586754
169 1.248097e-01 8.310846e-02 0.000000e+00 4.170126e-02 2.759672e-05 206.21747088432312 33175.86235332489
170 2.641369e-01 2.224451e-01 0.000000e+00 4.169188e-02 2.621706e-05 206.32495284080505 33382.22244787216
171 1.194786e-01 7.778476e-02 0.000000e+00 4.169380e-02 2.621706e-05 200.34870553016663 33582.6045293808
172 2.414981e-01 1.998177e-01 0.000000e+00 4.168036e-02 2.490638e-05 195.2544264793396 33777.90358376503
173 1.241680e-01 8.248210e-02 0.000000e+00 4.168589e-02 2.490638e-05 194.4975037574768 33972.43717336655
174 2.172342e-01 1.755613e-01 0.000000e+00 4.167295e-02 2.490638e-05 191.84353733062744 34164.31731629372
175 1.242304e-01 8.255720e-02 0.000000e+00 4.167318e-02 2.366122e-05 186.60058307647705 34350.95652651787
176 2.126760e-01 1.710132e-01 0.000000e+00 4.166287e-02 2.366122e-05 189.81349182128906 34540.80254602432
177 1.253726e-01 8.370722e-02 0.000000e+00 4.166537e-02 2.366122e-05 187.55662870407104 34728.385893821716
178 1.980184e-01 1.563644e-01 0.000000e+00 4.165400e-02 2.247831e-05 189.37152743339539 34917.78913474083
179 1.252961e-01 8.364203e-02 0.000000e+00 4.165410e-02 2.247831e-05 191.17573761940002 35108.9975194931
180 2.062450e-01 1.646011e-01 0.000000e+00 4.164394e-02 2.247831e-05 195.22523427009583 35304.259090423584
181 1.224233e-01 8.077567e-02 0.000000e+00 4.164765e-02 2.135454e-05 199.75348806381226 35504.043117046356
182 1.824656e-01 1.408302e-01 0.000000e+00 4.163548e-02 2.135454e-05 205.99065399169922 35710.0656785965
183 1.244619e-01 8.282233e-02 0.000000e+00 4.163953e-02 2.028695e-05 205.58043026924133 35915.6821744442
184 1.915683e-01 1.499417e-01 0.000000e+00 4.162660e-02 2.028695e-05 202.66405510902405 36118.379962444305
185 1.173865e-01 7.575596e-02 0.000000e+00 4.163052e-02 2.028695e-05 194.9668517112732 36313.3851184845
186 1.869363e-01 1.453177e-01 0.000000e+00 4.161856e-02 1.927273e-05 192.0145881175995 36505.44192528725
187 1.190671e-01 7.744505e-02 0.000000e+00 4.162206e-02 1.927273e-05 192.0751314163208 36697.552413225174
188 1.580028e-01 1.163896e-01 0.000000e+00 4.161323e-02 1.927273e-05 189.98508644104004 36887.5637319088
189 1.316594e-01 9.004612e-02 0.000000e+00 4.161327e-02 1.830922e-05 186.7858362197876 37074.38782453537
190 1.484022e-01 1.067944e-01 0.000000e+00 4.160789e-02 1.830922e-05 189.55726313591003 37263.97865366936
191 1.358017e-01 9.419605e-02 0.000000e+00 4.160563e-02 1.830922e-05 190.2341170310974 37454.245134830475
192 1.386797e-01 9.707953e-02 0.000000e+00 4.160022e-02 1.739387e-05 190.28577303886414 37644.56488108635
193 1.355435e-01 9.394462e-02 0.000000e+00 4.159889e-02 1.739387e-05 195.6634066104889 37840.26461839676
194 1.379191e-01 9.632372e-02 0.000000e+00 4.159540e-02 1.652429e-05 197.43336534500122 38037.73381781578
195 1.421314e-01 1.005406e-01 0.000000e+00 4.159079e-02 1.652429e-05 198.9141767024994 38236.6798684597
196 1.233868e-01 8.179676e-02 0.000000e+00 4.159008e-02 1.652429e-05 206.7115035057068 38443.42547035217
197 1.368843e-01 9.529995e-02 0.000000e+00 4.158438e-02 1.569818e-05 200.4135377407074 38643.87618923187
198 1.200230e-01 7.843977e-02 0.000000e+00 4.158327e-02 1.569818e-05 196.74935603141785 38840.65824222565
199 1.352422e-01 9.366176e-02 0.000000e+00 4.158046e-02 1.569818e-05 193.62905359268188 39034.3231613636
200 1.198808e-01 7.830198e-02 0.000000e+00 4.157886e-02 1.491337e-05 188.38573050498962 39222.74329471588
201 1.168968e-01 7.532172e-02 0.000000e+00 4.157511e-02 1.491337e-05 189.92535185813904 39412.70291852951
202 1.333657e-01 9.179454e-02 0.000000e+00 4.157115e-02 1.491337e-05 191.37835478782654 39604.12592840195
203 1.195574e-01 7.798849e-02 0.000000e+00 4.156890e-02 1.416780e-05 189.25301694869995 39793.41695713997
204 1.217299e-01 8.016497e-02 0.000000e+00 4.156498e-02 1.416780e-05 190.60507607460022 39984.05816078186
205 1.186112e-01 7.704890e-02 0.000000e+00 4.156230e-02 1.416780e-05 190.18498253822327 40174.269315719604
206 1.226346e-01 8.107361e-02 0.000000e+00 4.156102e-02 1.345950e-05 195.17907691001892 40369.481447935104
207 1.132746e-01 7.171589e-02 0.000000e+00 4.155868e-02 1.345950e-05 199.24799585342407 40568.76413178444
208 1.192821e-01 7.772699e-02 0.000000e+00 4.155513e-02 1.278661e-05 202.76688194274902 40771.56454086304
209 1.143642e-01 7.281078e-02 0.000000e+00 4.155344e-02 1.278661e-05 200.95518708229065 40972.55004429817
210 1.132925e-01 7.174061e-02 0.000000e+00 4.155184e-02 1.278661e-05 200.40859937667847 41172.985288858414
211 1.139772e-01 7.242977e-02 0.000000e+00 4.154740e-02 1.214736e-05 194.76167106628418 41367.78140974045
212 1.106228e-01 6.907655e-02 0.000000e+00 4.154626e-02 1.214736e-05 189.43960309028625 41557.253635406494
213 1.129814e-01 7.143753e-02 0.000000e+00 4.154391e-02 1.214736e-05 189.7154643535614 41747.00517678261
214 1.074275e-01 6.588510e-02 0.000000e+00 4.154238e-02 1.154007e-05 185.84004259109497 41932.875670194626
215 1.110812e-01 6.954103e-02 0.000000e+00 4.154018e-02 1.154007e-05 193.24208164215088 42126.16294145584
216 1.080070e-01 6.646903e-02 0.000000e+00 4.153793e-02 1.154007e-05 192.1455738544464 42318.34655332565
217 1.091807e-01 6.764740e-02 0.000000e+00 4.153328e-02 1.096314e-05 188.16163158416748 42506.54142713547
218 1.068977e-01 6.536563e-02 0.000000e+00 4.153205e-02 1.096314e-05 187.52522587776184 42694.10094666481
219 1.064211e-01 6.489070e-02 0.000000e+00 4.153043e-02 1.041506e-05 190.76176500320435 42884.896065950394
220 1.074975e-01 6.596859e-02 0.000000e+00 4.152892e-02 1.041506e-05 200.62459111213684 43085.56227827072
221 1.048745e-01 6.334709e-02 0.000000e+00 4.152738e-02 1.041506e-05 200.65742325782776 43286.245965480804
222 1.055922e-01 6.406818e-02 0.000000e+00 4.152404e-02 9.894371e-06 204.6101291179657 43490.89805603027
223 1.053413e-01 6.381890e-02 0.000000e+00 4.152243e-02 9.894371e-06 201.8894591331482 43692.82164812088
224 1.055691e-01 6.404827e-02 0.000000e+00 4.152081e-02 9.894371e-06 197.9780969619751 43890.8328974247
225 1.032134e-01 6.169402e-02 0.000000e+00 4.151933e-02 9.399716e-06 192.0765187740326 44082.943465948105
226 1.024854e-01 6.096731e-02 0.000000e+00 4.151805e-02 9.399716e-06 190.39242553710938 44273.38162231445
227 1.043500e-01 6.283420e-02 0.000000e+00 4.151578e-02 9.399716e-06 190.990375995636 44464.41057538986
228 1.025965e-01 6.108284e-02 0.000000e+00 4.151368e-02 8.929791e-06 187.18723034858704 44651.63181710243
229 1.033431e-01 6.183079e-02 0.000000e+00 4.151231e-02 8.929791e-06 191.11769604682922 44842.78065752983
230 1.018026e-01 6.029275e-02 0.000000e+00 4.150981e-02 8.929791e-06 194.64815378189087 45037.497339725494
231 1.041320e-01 6.262409e-02 0.000000e+00 4.150787e-02 8.483358e-06 190.28983163833618 45227.82585668564
232 1.003317e-01 5.882437e-02 0.000000e+00 4.150732e-02 8.483358e-06 193.7283170223236 45421.58675861359
233 1.010817e-01 5.957527e-02 0.000000e+00 4.150647e-02 8.059245e-06 196.4948399066925 45618.12485575676
234 1.005790e-01 5.907496e-02 0.000000e+00 4.150407e-02 8.059245e-06 200.0104901790619 45818.16181349754
235 1.023305e-01 6.082870e-02 0.000000e+00 4.150183e-02 8.059245e-06 205.26861357688904 46023.4654750824
236 9.962551e-02 5.812441e-02 0.000000e+00 4.150110e-02 7.656334e-06 202.658269405365 46226.15760374069
237 9.913404e-02 5.763352e-02 0.000000e+00 4.150052e-02 7.656334e-06 195.96404480934143 46422.1634247303
238 9.972704e-02 5.822889e-02 0.000000e+00 4.149814e-02 7.656334e-06 194.02092838287354 46616.225279569626
239 1.000053e-01 5.850909e-02 0.000000e+00 4.149621e-02 7.273567e-06 188.58074975013733 46804.84123110771
240 9.872124e-02 5.722540e-02 0.000000e+00 4.149584e-02 7.273567e-06 187.63406825065613 46992.512966394424
241 9.763150e-02 5.613695e-02 0.000000e+00 4.149455e-02 7.273567e-06 188.0081980228424 47180.560920000076
242 9.808859e-02 5.659545e-02 0.000000e+00 4.149315e-02 6.909935e-06 186.79363369941711 47367.3978843689
243 9.766053e-02 5.616803e-02 0.000000e+00 4.149250e-02 6.909935e-06 195.41204071044922 47562.83745646477
244 9.664984e-02 5.515872e-02 0.000000e+00 4.149112e-02 6.564482e-06 194.48443961143494 47757.3570458889
245 9.863053e-02 5.714064e-02 0.000000e+00 4.148989e-02 6.564482e-06 192.91455912590027 47950.31588387489
246 9.753115e-02 5.604232e-02 0.000000e+00 4.148883e-02 6.564482e-06 196.68196535110474 48147.02451348305
247 9.699919e-02 5.551166e-02 0.000000e+00 4.148753e-02 6.236300e-06 202.53671622276306 48349.59842276573
248 9.707139e-02 5.558480e-02 0.000000e+00 4.148658e-02 6.236300e-06 202.40188145637512 48552.03338885307
249 9.593328e-02 5.444826e-02 0.000000e+00 4.148502e-02 6.236300e-06 199.73788595199585 48751.8049659729
250 9.506601e-02 5.358166e-02 0.000000e+00 4.148435e-02 5.924525e-06 197.7348244190216 48949.58464694023
251 9.708181e-02 5.559852e-02 0.000000e+00 4.148329e-02 5.924525e-06 193.71551942825317 49143.341666936874
252 9.575112e-02 5.426856e-02 0.000000e+00 4.148256e-02 5.924525e-06 189.96790051460266 49333.347761154175
253 9.509132e-02 5.360952e-02 0.000000e+00 4.148179e-02 5.628337e-06 188.61874651908875 49522.00141167641
254 9.470900e-02 5.322860e-02 0.000000e+00 4.148040e-02 5.628337e-06 188.35671973228455 49710.39156937599
255 9.373034e-02 5.225048e-02 0.000000e+00 4.147986e-02 5.628337e-06 188.41431307792664 49898.84888792038
256 9.491140e-02 5.343264e-02 0.000000e+00 4.147875e-02 5.346956e-06 189.29288911819458 50088.18184709549
257 9.574974e-02 5.427206e-02 0.000000e+00 4.147768e-02 5.346956e-06 194.9072449207306 50283.122839450836
258 9.280745e-02 5.133076e-02 0.000000e+00 4.147669e-02 5.079643e-06 197.39671540260315 50480.55220413208
259 9.311871e-02 5.164207e-02 0.000000e+00 4.147664e-02 5.079643e-06 195.9094045162201 50676.50145864487
260 9.203129e-02 5.055516e-02 0.000000e+00 4.147614e-02 5.079643e-06 201.6657361984253 50878.19898891449
261 9.519603e-02 5.372164e-02 0.000000e+00 4.147439e-02 4.825693e-06 201.5313742160797 51079.771735429764
262 9.308042e-02 5.160682e-02 0.000000e+00 4.147360e-02 4.825693e-06 200.36800146102905 51280.17333006859
263 9.132287e-02 4.984894e-02 0.000000e+00 4.147392e-02 4.825693e-06 197.9138536453247 51478.12315034866
264 9.371537e-02 5.224294e-02 0.000000e+00 4.147242e-02 4.584439e-06 196.92264604568481 51675.084258556366
265 9.155703e-02 5.008556e-02 0.000000e+00 4.147147e-02 4.584439e-06 188.8235194683075 51863.93901371956
266 9.211497e-02 5.064403e-02 0.000000e+00 4.147095e-02 4.584439e-06 191.0490107536316 52055.02489924431
267 9.247723e-02 5.100654e-02 0.000000e+00 4.147069e-02 4.355247e-06 189.86323380470276 52244.92008328438
268 9.190915e-02 5.043946e-02 0.000000e+00 4.146970e-02 4.355247e-06 188.2779519557953 52433.23173427582
269 9.182708e-02 5.035802e-02 0.000000e+00 4.146905e-02 4.137512e-06 189.8270194530487 52623.09194469452
270 9.133320e-02 4.986480e-02 0.000000e+00 4.146840e-02 4.137512e-06 192.2754888534546 52815.39912724495
271 9.189007e-02 5.042217e-02 0.000000e+00 4.146790e-02 4.137512e-06 200.3382647037506 53015.77220058441
272 9.074693e-02 4.928027e-02 0.000000e+00 4.146665e-02 3.930663e-06 200.98661494255066 53216.795862197876
273 9.224524e-02 5.077892e-02 0.000000e+00 4.146632e-02 3.930663e-06 201.63491082191467 53418.47061085701
274 8.969573e-02 4.822987e-02 0.000000e+00 4.146586e-02 3.930663e-06 203.95375657081604 53622.45992851257
275 9.025604e-02 4.879050e-02 0.000000e+00 4.146554e-02 3.734155e-06 200.40389442443848 53822.905292749405
276 9.067436e-02 4.920986e-02 0.000000e+00 4.146450e-02 3.734155e-06 198.56985902786255 54021.51292061806
277 9.084014e-02 4.937569e-02 0.000000e+00 4.146444e-02 3.734155e-06 195.87012243270874 54217.451850652695
278 9.013480e-02 4.867143e-02 0.000000e+00 4.146337e-02 3.547471e-06 193.41847157478333 54410.906443834305
279 9.058482e-02 4.912223e-02 0.000000e+00 4.146259e-02 3.547471e-06 189.41213703155518 54600.351361989975
280 8.995033e-02 4.848763e-02 0.000000e+00 4.146270e-02 3.547471e-06 189.03756618499756 54789.42298102379
281 8.901034e-02 4.754824e-02 0.000000e+00 4.146210e-02 3.370121e-06 187.6976819038391 54977.15564393997
282 9.000074e-02 4.853951e-02 0.000000e+00 4.146123e-02 3.370121e-06 189.20337057113647 55166.39785814285
283 8.941766e-02 4.795627e-02 0.000000e+00 4.146139e-02 3.201636e-06 194.18890976905823 55360.627607584
284 8.962750e-02 4.816673e-02 0.000000e+00 4.146077e-02 3.201636e-06 199.15393805503845 55559.816793203354
285 8.927339e-02 4.781352e-02 0.000000e+00 4.145987e-02 3.201636e-06 199.61284565925598 55759.465455532074
286 8.940873e-02 4.794920e-02 0.000000e+00 4.145953e-02 3.041575e-06 201.27260065078735 55960.77250814438
287 8.856609e-02 4.710695e-02 0.000000e+00 4.145914e-02 3.041575e-06 203.41129970550537 56164.21812105179
288 8.843243e-02 4.697358e-02 0.000000e+00 4.145885e-02 3.041575e-06 201.6554033756256 56365.914140462875
289 8.819848e-02 4.673991e-02 0.000000e+00 4.145857e-02 2.889516e-06 196.44984436035156 56562.40732002258
290 8.952576e-02 4.806777e-02 0.000000e+00 4.145798e-02 2.889516e-06 192.30108499526978 56754.74336051941
291 8.756911e-02 4.611147e-02 0.000000e+00 4.145764e-02 2.889516e-06 189.91173100471497 56944.69125676155
292 8.831921e-02 4.686180e-02 0.000000e+00 4.145741e-02 2.745058e-06 190.07662081718445 57134.811618089676
293 8.776802e-02 4.631131e-02 0.000000e+00 4.145671e-02 2.745058e-06 188.55743980407715 57323.39939260483
294 8.865542e-02 4.719901e-02 0.000000e+00 4.145641e-02 2.607823e-06 189.60919618606567 57513.045296669006
295 8.812832e-02 4.667252e-02 0.000000e+00 4.145580e-02 2.607823e-06 187.4447340965271 57700.52724766731
296 8.774291e-02 4.628719e-02 0.000000e+00 4.145573e-02 2.607823e-06 194.9692120552063 57895.5325551033
297 8.838926e-02 4.693407e-02 0.000000e+00 4.145520e-02 2.477449e-06 196.75109934806824 58092.3188958168
298 8.797252e-02 4.651797e-02 0.000000e+00 4.145455e-02 2.477449e-06 196.64833807945251 58289.00520038605
299 8.844167e-02 4.698701e-02 0.000000e+00 4.145466e-02 2.477449e-06 204.17352628707886 58493.21271896362
300 8.727077e-02 4.581626e-02 0.000000e+00 4.145452e-02 2.353592e-06 204.6252429485321 58697.86944317818
301 8.773885e-02 4.628461e-02 0.000000e+00 4.145424e-02 2.353592e-06 199.73213911056519 58897.64321446419
302 8.822336e-02 4.676945e-02 0.000000e+00 4.145391e-02 2.353592e-06 196.70545172691345 59094.37567663193
303 8.698566e-02 4.553196e-02 0.000000e+00 4.145370e-02 2.235928e-06 193.83369207382202 59288.23988318443
304 8.666709e-02 4.521380e-02 0.000000e+00 4.145329e-02 2.235928e-06 191.31191992759705 59479.593219041824
305 8.641535e-02 4.496224e-02 0.000000e+00 4.145310e-02 2.124146e-06 190.12499237060547 59669.765140771866
306 8.666155e-02 4.520867e-02 0.000000e+00 4.145288e-02 2.124146e-06 189.92574405670166 59859.73239541054
307 8.678741e-02 4.533492e-02 0.000000e+00 4.145249e-02 2.124146e-06 188.30710673332214 60048.06637120247
308 8.693679e-02 4.548460e-02 0.000000e+00 4.145219e-02 2.017952e-06 189.5339663028717 60237.63511109352
309 8.674067e-02 4.528871e-02 0.000000e+00 4.145196e-02 2.017952e-06 192.90256094932556 60430.569309949875
310 8.680812e-02 4.535630e-02 0.000000e+00 4.145181e-02 2.017952e-06 193.2713475227356 60623.873057127
311 8.636089e-02 4.490928e-02 0.000000e+00 4.145161e-02 1.917067e-06 195.35617804527283 60819.26466965675
312 8.659656e-02 4.514530e-02 0.000000e+00 4.145125e-02 1.917067e-06 201.7777099609375 61021.08357381821
313 8.662570e-02 4.517456e-02 0.000000e+00 4.145114e-02 1.917067e-06 202.92395305633545 61224.04147481918
314 8.700249e-02 4.555177e-02 0.000000e+00 4.145072e-02 1.821226e-06 203.92189145088196 61427.997134923935
315 8.572725e-02 4.427653e-02 0.000000e+00 4.145073e-02 1.821226e-06 197.5710437297821 61625.60389375687
316 8.629084e-02 4.484023e-02 0.000000e+00 4.145061e-02 1.821226e-06 193.43794584274292 61819.082690000534
317 8.643317e-02 4.498282e-02 0.000000e+00 4.145034e-02 1.730177e-06 190.41668462753296 62009.53614401817
318 8.543661e-02 4.398653e-02 0.000000e+00 4.145008e-02 1.730177e-06 190.28865909576416 62199.86050987244
319 8.579912e-02 4.434906e-02 0.000000e+00 4.145006e-02 1.643679e-06 191.41339373588562 62391.31971287727
320 8.558758e-02 4.413783e-02 0.000000e+00 4.144975e-02 1.643679e-06 191.17172169685364 62582.52792549133
321 8.520009e-02 4.375042e-02 0.000000e+00 4.144966e-02 1.643679e-06 191.56204104423523 62774.12386703491
322 8.603455e-02 4.458512e-02 0.000000e+00 4.144942e-02 1.561505e-06 190.61845588684082 62964.78020787239
323 8.558440e-02 4.413520e-02 0.000000e+00 4.144920e-02 1.561505e-06 195.72058725357056 63160.52883148193
324 8.560250e-02 4.415352e-02 0.000000e+00 4.144898e-02 1.561505e-06 197.5483341217041 63358.11155343056
325 8.537382e-02 4.392488e-02 0.000000e+00 4.144894e-02 1.483440e-06 199.36558985710144 63557.51145982742
326 8.507692e-02 4.362808e-02 0.000000e+00 4.144884e-02 1.483440e-06 202.81642246246338 63760.360969781876
327 8.482660e-02 4.337796e-02 0.000000e+00 4.144863e-02 1.483440e-06 205.09408926963806 63965.49953889847
328 8.480947e-02 4.336102e-02 0.000000e+00 4.144845e-02 1.409278e-06 200.44181275367737 64165.98195576668
329 8.534557e-02 4.389704e-02 0.000000e+00 4.144853e-02 1.409278e-06 195.89937114715576 64361.92444872856
330 8.502608e-02 4.357781e-02 0.000000e+00 4.144827e-02 1.338823e-06 204.88306045532227 64566.84075713158
331 8.487908e-02 4.343100e-02 0.000000e+00 4.144808e-02 1.338823e-06 188.65960359573364 64755.532208919525
332 8.503736e-02 4.358929e-02 0.000000e+00 4.144807e-02 1.338823e-06 189.63408851623535 64945.20688199997
333 8.534873e-02 4.390090e-02 0.000000e+00 4.144783e-02 1.271890e-06 191.06922483444214 65136.31498551369
334 8.445580e-02 4.300800e-02 0.000000e+00 4.144780e-02 1.271890e-06 188.36298084259033 65324.711369752884
335 8.447207e-02 4.302455e-02 0.000000e+00 4.144751e-02 1.271890e-06 194.17187476158142 65518.917686223984
336 8.455767e-02 4.311018e-02 0.000000e+00 4.144749e-02 1.208304e-06 195.5026135444641 65714.45480465889
337 8.434536e-02 4.289794e-02 0.000000e+00 4.144742e-02 1.208304e-06 198.5849347114563 65913.06674051285
338 8.428120e-02 4.283392e-02 0.000000e+00 4.144728e-02 1.208304e-06 200.33708572387695 66113.44401669502
339 8.450732e-02 4.306008e-02 0.000000e+00 4.144724e-02 1.147896e-06 200.65684509277344 66314.1444246769
340 8.446649e-02 4.301934e-02 0.000000e+00 4.144715e-02 1.147896e-06 200.4733440876007 66514.65096497536
341 8.415370e-02 4.270676e-02 0.000000e+00 4.144694e-02 1.147896e-06 199.1658957004547 66713.85286307335
342 8.444660e-02 4.299958e-02 0.000000e+00 4.144702e-02 1.090509e-06 195.03890562057495 66908.93358969688
343 8.429813e-02 4.285114e-02 0.000000e+00 4.144699e-02 1.090509e-06 191.3066234588623 67100.27838563919
344 8.432376e-02 4.287703e-02 0.000000e+00 4.144673e-02 1.035990e-06 189.76153564453125 67290.07221984863
345 8.434138e-02 4.289479e-02 0.000000e+00 4.144660e-02 1.035990e-06 187.91752886772156 67478.02275037766
346 8.430325e-02 4.285664e-02 0.000000e+00 4.144661e-02 1.035990e-06 189.38450574874878 67667.44094920158
347 8.372531e-02 4.227873e-02 0.000000e+00 4.144658e-02 9.841976e-07 190.42743253707886 67857.90217256546
348 8.402688e-02 4.258041e-02 0.000000e+00 4.144647e-02 9.841976e-07 191.6962387561798 68049.64347434044
349 8.370557e-02 4.225920e-02 0.000000e+00 4.144638e-02 9.841976e-07 194.51213192939758 68244.18858718872
350 8.395213e-02 4.250569e-02 0.000000e+00 4.144645e-02 9.349940e-07 201.12237572669983 68445.35106444359
351 8.380257e-02 4.235633e-02 0.000000e+00 4.144625e-02 9.349940e-07 201.67578721046448 68647.0622522831
352 8.366857e-02 4.222238e-02 0.000000e+00 4.144619e-02 9.349940e-07 199.50372195243835 68846.59819293022
353 8.385324e-02 4.240706e-02 0.000000e+00 4.144618e-02 8.882503e-07 198.02446103096008 69044.66295909882
354 8.391524e-02 4.246912e-02 0.000000e+00 4.144612e-02 8.882503e-07 195.95425724983215 69240.64947152138
355 8.387199e-02 4.242596e-02 0.000000e+00 4.144603e-02 8.438435e-07 196.800190448761 69437.48322415352
356 8.377518e-02 4.232917e-02 0.000000e+00 4.144601e-02 8.438435e-07 195.78533482551575 69633.30054831505
357 8.342852e-02 4.198248e-02 0.000000e+00 4.144605e-02 8.438435e-07 188.5677342414856 69821.90009832382
358 8.311863e-02 4.167257e-02 0.000000e+00 4.144607e-02 8.016567e-07 188.622980594635 70010.56287121773
359 8.345605e-02 4.201010e-02 0.000000e+00 4.144595e-02 8.016567e-07 190.09344696998596 70200.69858932495
360 8.330829e-02 4.186243e-02 0.000000e+00 4.144586e-02 8.016567e-07 187.47073912620544 70388.20222759247
361 8.335113e-02 4.190527e-02 0.000000e+00 4.144586e-02 7.615790e-07 191.3711817264557 70579.61032891273
362 8.308113e-02 4.163537e-02 0.000000e+00 4.144576e-02 7.615790e-07 198.09163522720337 70777.73836517334
363 8.319947e-02 4.175380e-02 0.000000e+00 4.144567e-02 7.615790e-07 198.31514406204224 70976.0920073986
364 8.289715e-02 4.145138e-02 0.000000e+00 4.144577e-02 7.235050e-07 197.86225056648254 71173.98795413971
365 8.316852e-02 4.172289e-02 0.000000e+00 4.144563e-02 7.235050e-07 201.9861705303192 71376.01623678207
366 8.323361e-02 4.178796e-02 0.000000e+00 4.144565e-02 7.235050e-07 199.31015348434448 71575.35925745964
367 8.307529e-02 4.162962e-02 0.000000e+00 4.144567e-02 6.873344e-07 194.79028916358948 71770.18147563934
368 8.276411e-02 4.131854e-02 0.000000e+00 4.144558e-02 6.873344e-07 191.83175492286682 71962.04648065567
369 8.282223e-02 4.137665e-02 0.000000e+00 4.144558e-02 6.529720e-07 193.04185605049133 72155.12999224663
370 8.293457e-02 4.148894e-02 0.000000e+00 4.144563e-02 6.529720e-07 193.84879541397095 72349.01201629639
371 8.270442e-02 4.125897e-02 0.000000e+00 4.144545e-02 6.529720e-07 189.94609475135803 72538.99050593376
372 8.262381e-02 4.117821e-02 0.000000e+00 4.144560e-02 6.203276e-07 191.27637791633606 72730.31211876869
373 8.261931e-02 4.117375e-02 0.000000e+00 4.144556e-02 6.203276e-07 191.66101217269897 72922.01314711571
374 8.282188e-02 4.137642e-02 0.000000e+00 4.144546e-02 6.203276e-07 190.9101505279541 73112.96296668053
375 8.265546e-02 4.121006e-02 0.000000e+00 4.144540e-02 5.893152e-07 192.7726812362671 73305.77033472061
376 8.238307e-02 4.093754e-02 0.000000e+00 4.144553e-02 5.893152e-07 199.10397100448608 73504.90908074379
377 8.271827e-02 4.127274e-02 0.000000e+00 4.144553e-02 5.893152e-07 199.40083503723145 73704.3519384861
378 8.247095e-02 4.102551e-02 0.000000e+00 4.144544e-02 5.598532e-07 199.74461007118225 73904.12971758842
379 8.260706e-02 4.116165e-02 0.000000e+00 4.144541e-02 5.598532e-07 199.98603415489197 74104.15105462074
380 8.239682e-02 4.095148e-02 0.000000e+00 4.144535e-02 5.318642e-07 199.1559031009674 74303.34182333946
381 8.250704e-02 4.106161e-02 0.000000e+00 4.144543e-02 5.318642e-07 193.50721526145935 74496.8820579052
382 8.231562e-02 4.087010e-02 0.000000e+00 4.144552e-02 5.318642e-07 194.94844222068787 74691.8634057045
383 8.248587e-02 4.104048e-02 0.000000e+00 4.144539e-02 5.052744e-07 198.23858642578125 74890.14348006248
384 8.226603e-02 4.082064e-02 0.000000e+00 4.144540e-02 5.052744e-07 192.82224535942078 75083.04579305649
385 8.236565e-02 4.092025e-02 0.000000e+00 4.144541e-02 5.052744e-07 190.7718586921692 75273.86152935028
386 8.209855e-02 4.065316e-02 0.000000e+00 4.144538e-02 4.800139e-07 193.08542108535767 75466.98463153839
387 8.232147e-02 4.087612e-02 0.000000e+00 4.144535e-02 4.800139e-07 192.7882959842682 75659.81297636032
388 8.218957e-02 4.074421e-02 0.000000e+00 4.144535e-02 4.800139e-07 196.44872856140137 75856.29569268227
389 8.228708e-02 4.084154e-02 0.000000e+00 4.144554e-02 4.560163e-07 197.30852246284485 76053.64431715012
390 8.239057e-02 4.094520e-02 0.000000e+00 4.144537e-02 4.560163e-07 199.6102032661438 76253.28955101967
391 8.206928e-02 4.062384e-02 0.000000e+00 4.144544e-02 4.332184e-07 202.2096176147461 76455.53315758705
392 8.223931e-02 4.079387e-02 0.000000e+00 4.144544e-02 4.332184e-07 197.66093587875366 76653.23485517502
393 8.213653e-02 4.069109e-02 0.000000e+00 4.144544e-02 4.332184e-07 194.9441521167755 76848.20608782768
394 8.187903e-02 4.043357e-02 0.000000e+00 4.144545e-02 4.115602e-07 192.8695423603058 77041.11019158363
395 8.227199e-02 4.082658e-02 0.000000e+00 4.144541e-02 4.115602e-07 193.08948469161987 77234.24511241913
396 8.186504e-02 4.041947e-02 0.000000e+00 4.144557e-02 4.115602e-07 188.79450845718384 77423.07461833954
397 8.169975e-02 4.025429e-02 0.000000e+00 4.144546e-02 3.909849e-07 191.57788491249084 77614.69263124466
398 8.186307e-02 4.041763e-02 0.000000e+00 4.144544e-02 3.909849e-07 190.64045190811157 77805.3653421402
399 8.163378e-02 4.018823e-02 0.000000e+00 4.144555e-02 3.909849e-07 192.90901684761047 77998.30744099617
400 8.189661e-02 4.045113e-02 0.000000e+00 4.144549e-02 3.714381e-07 191.3750216960907 78189.71619272232
401 8.190735e-02 4.046187e-02 0.000000e+00 4.144547e-02 3.714381e-07 193.5024802684784 78383.25239634514
402 8.159778e-02 4.015214e-02 0.000000e+00 4.144564e-02 3.714381e-07 196.70508694648743 78579.99117040634
403 8.158928e-02 4.014372e-02 0.000000e+00 4.144556e-02 3.528686e-07 215.82976007461548 78795.86599779129
404 8.153744e-02 4.009194e-02 0.000000e+00 4.144550e-02 3.528686e-07 205.4467806816101 79001.35287761688
405 8.174778e-02 4.030226e-02 0.000000e+00 4.144552e-02 3.352274e-07 202.84556317329407 79204.23930764198
406 8.155749e-02 4.011183e-02 0.000000e+00 4.144566e-02 3.352274e-07 198.0585856437683 79402.33214902878
407 8.176969e-02 4.032416e-02 0.000000e+00 4.144553e-02 3.352274e-07 196.02966380119324 79598.40020895004
408 8.166287e-02 4.021722e-02 0.000000e+00 4.144565e-02 3.184682e-07 194.46711444854736 79792.90534853935
409 8.157305e-02 4.012740e-02 0.000000e+00 4.144565e-02 3.184682e-07 189.6660943031311 79982.60452198982
410 8.159939e-02 4.015378e-02 0.000000e+00 4.144561e-02 3.184682e-07 189.8436131477356 80172.48144125938
411 8.141886e-02 3.997315e-02 0.000000e+00 4.144570e-02 3.025468e-07 193.38872861862183 80365.90266299248
412 8.134784e-02 3.990223e-02 0.000000e+00 4.144560e-02 3.025468e-07 195.19276762008667 80561.13815784454
413 8.146479e-02 4.001905e-02 0.000000e+00 4.144574e-02 3.025468e-07 196.36316442489624 80757.54077935219
414 8.151145e-02 4.006577e-02 0.000000e+00 4.144568e-02 2.874214e-07 194.55698776245117 80952.12429070473
415 8.144414e-02 3.999830e-02 0.000000e+00 4.144583e-02 2.874214e-07 197.9749038219452 81150.13143467903
416 8.145522e-02 4.000947e-02 0.000000e+00 4.144575e-02 2.730522e-07 202.26451063156128 81352.43120312691
417 8.135982e-02 3.991404e-02 0.000000e+00 4.144578e-02 2.730522e-07 201.68631315231323 81554.15514039993
418 8.149782e-02 4.005194e-02 0.000000e+00 4.144588e-02 2.730522e-07 199.48415756225586 81753.67245769501
419 8.126280e-02 3.981698e-02 0.000000e+00 4.144582e-02 2.594013e-07 196.86641573905945 81950.57125544548
420 8.124608e-02 3.980025e-02 0.000000e+00 4.144583e-02 2.594013e-07 197.0801739692688 82147.69617557526
421 8.124085e-02 3.979498e-02 0.000000e+00 4.144587e-02 2.594013e-07 191.62867522239685 82339.37085700035
422 8.135253e-02 3.990665e-02 0.000000e+00 4.144588e-02 2.464329e-07 188.05797743797302 82527.47111701965
423 8.116729e-02 3.972138e-02 0.000000e+00 4.144591e-02 2.464329e-07 190.33561086654663 82717.84430646896
424 8.127755e-02 3.983156e-02 0.000000e+00 4.144599e-02 2.464329e-07 189.26025104522705 82907.19643521309
425 8.123541e-02 3.978948e-02 0.000000e+00 4.144593e-02 2.341129e-07 197.764714717865 83104.99591851234
426 8.124281e-02 3.979681e-02 0.000000e+00 4.144600e-02 2.341129e-07 194.46948528289795 83299.4938800335
427 8.111789e-02 3.967187e-02 0.000000e+00 4.144602e-02 2.341129e-07 196.62326335906982 83496.15136885643
428 8.123455e-02 3.978857e-02 0.000000e+00 4.144598e-02 2.224087e-07 199.23410987854004 83695.42689800262
429 8.124353e-02 3.979749e-02 0.000000e+00 4.144603e-02 2.224087e-07 198.59322834014893 83894.05676937103
430 8.114487e-02 3.969888e-02 0.000000e+00 4.144599e-02 2.112897e-07 199.34587383270264 84093.47647452354
431 8.119440e-02 3.974836e-02 0.000000e+00 4.144604e-02 2.112897e-07 200.80894255638123 84294.31694555283
432 8.107227e-02 3.962623e-02 0.000000e+00 4.144604e-02 2.112897e-07 196.03875350952148 84490.38346099854
433 8.104329e-02 3.959719e-02 0.000000e+00 4.144611e-02 2.007266e-07 193.9777045249939 84684.40191483498
434 8.108948e-02 3.964338e-02 0.000000e+00 4.144610e-02 2.007266e-07 190.8416564464569 84875.28405475616
435 8.104437e-02 3.959826e-02 0.000000e+00 4.144611e-02 2.007266e-07 191.2236692905426 85066.53480410576
436 8.090788e-02 3.946167e-02 0.000000e+00 4.144622e-02 1.906915e-07 190.13457560539246 85256.7030389309
437 8.085697e-02 3.941074e-02 0.000000e+00 4.144623e-02 1.906915e-07 193.6672124862671 85450.41494321823
438 8.093974e-02 3.949347e-02 0.000000e+00 4.144626e-02 1.906915e-07 194.34584712982178 85644.80422353745
439 8.085128e-02 3.940507e-02 0.000000e+00 4.144621e-02 1.811582e-07 197.5226263999939 85842.35992693901
440 8.091148e-02 3.946514e-02 0.000000e+00 4.144634e-02 1.811582e-07 195.85175824165344 86038.25276851654
441 8.100312e-02 3.955689e-02 0.000000e+00 4.144623e-02 1.721014e-07 195.07762622833252 86233.36364030838
442 8.082982e-02 3.938363e-02 0.000000e+00 4.144619e-02 1.721014e-07 197.27809381484985 86430.66760015488
443 8.088409e-02 3.943773e-02 0.000000e+00 4.144636e-02 1.721014e-07 199.75736093521118 86630.46330022812
444 8.090355e-02 3.945718e-02 0.000000e+00 4.144637e-02 1.634975e-07 198.67632699012756 86829.17465806007
445 8.081959e-02 3.937322e-02 0.000000e+00 4.144638e-02 1.634975e-07 197.88704872131348 87027.25845050812
446 8.072981e-02 3.928334e-02 0.000000e+00 4.144647e-02 1.634975e-07 196.04065036773682 87223.33505558968
447 8.081529e-02 3.936890e-02 0.000000e+00 4.144639e-02 1.553236e-07 193.80145859718323 87417.17213225365
448 8.074294e-02 3.929641e-02 0.000000e+00 4.144653e-02 1.553236e-07 189.86663699150085 87607.06777262688
449 8.075026e-02 3.930386e-02 0.000000e+00 4.144640e-02 1.553236e-07 189.66553616523743 87796.76468229294
450 8.075912e-02 3.931256e-02 0.000000e+00 4.144656e-02 1.475585e-07 191.1738634109497 87987.969465971
451 8.081550e-02 3.936902e-02 0.000000e+00 4.144648e-02 1.475585e-07 193.1402931213379 88181.13447713852
452 8.069663e-02 3.925006e-02 0.000000e+00 4.144657e-02 1.475585e-07 198.06530833244324 88379.22969293594
453 8.083530e-02 3.938879e-02 0.000000e+00 4.144650e-02 1.401815e-07 201.22955560684204 88580.49630069733
454 8.075283e-02 3.930627e-02 0.000000e+00 4.144656e-02 1.401815e-07 199.79710030555725 88780.3243367672
455 8.059642e-02 3.914980e-02 0.000000e+00 4.144661e-02 1.331733e-07 199.02467465400696 88979.3748266697
456 8.071978e-02 3.927321e-02 0.000000e+00 4.144657e-02 1.331733e-07 203.72564816474915 89183.13910531998
457 8.071550e-02 3.926892e-02 0.000000e+00 4.144658e-02 1.331733e-07 199.4783866405487 89382.64606642723
458 8.072590e-02 3.927928e-02 0.000000e+00 4.144662e-02 1.265155e-07 197.00175642967224 89579.67652249336
459 8.062811e-02 3.918143e-02 0.000000e+00 4.144668e-02 1.265155e-07 194.19230151176453 89773.8970940113
460 8.055793e-02 3.911122e-02 0.000000e+00 4.144671e-02 1.265155e-07 191.83056116104126 89965.75795531273
461 8.061950e-02 3.917282e-02 0.000000e+00 4.144668e-02 1.201905e-07 190.31144833564758 90156.10676574707
462 8.054971e-02 3.910298e-02 0.000000e+00 4.144673e-02 1.201905e-07 190.74231886863708 90346.87778878212
463 8.052644e-02 3.907973e-02 0.000000e+00 4.144671e-02 1.201905e-07 191.5627405643463 90538.47737193108
464 8.058827e-02 3.914147e-02 0.000000e+00 4.144680e-02 1.141818e-07 193.8511118888855 90732.36787962914
465 8.053929e-02 3.909242e-02 0.000000e+00 4.144687e-02 1.141818e-07 198.897301197052 90931.29528713226
466 8.056658e-02 3.911988e-02 0.000000e+00 4.144670e-02 1.084734e-07 196.5495069026947 91127.874553442
467 8.057663e-02 3.912974e-02 0.000000e+00 4.144689e-02 1.084734e-07 203.624596118927 91331.52861475945
468 8.048311e-02 3.903629e-02 0.000000e+00 4.144682e-02 1.084734e-07 202.3727719783783 91533.92487597466
469 8.050000e-02 3.905313e-02 0.000000e+00 4.144687e-02 1.030504e-07 202.38669157028198 91736.34617042542
470 8.051316e-02 3.906634e-02 0.000000e+00 4.144682e-02 1.030504e-07 202.26165986061096 91938.63794636726
471 8.047110e-02 3.902412e-02 0.000000e+00 4.144698e-02 1.030504e-07 196.85948395729065 92135.5275797844
472 8.042909e-02 3.898225e-02 0.000000e+00 4.144683e-02 9.789858e-08 194.44373226165771 92330.0071952343
473 8.052960e-02 3.908270e-02 0.000000e+00 4.144690e-02 9.789858e-08 194.4537763595581 92524.49827623367
474 8.047673e-02 3.902981e-02 0.000000e+00 4.144692e-02 9.789858e-08 190.5641851425171 92715.09176921844
475 8.042241e-02 3.897535e-02 0.000000e+00 4.144706e-02 9.300428e-08 190.4060091972351 92905.52212119102
476 8.039463e-02 3.894775e-02 0.000000e+00 4.144688e-02 9.300428e-08 190.7502338886261 93096.309684515
477 8.040835e-02 3.896132e-02 0.000000e+00 4.144703e-02 9.300428e-08 192.44251251220703 93288.78877687454
478 8.040451e-02 3.895757e-02 0.000000e+00 4.144695e-02 8.835466e-08 194.78911304473877 93483.60612535477
479 8.040119e-02 3.895416e-02 0.000000e+00 4.144703e-02 8.835466e-08 196.52393102645874 93680.15789365768
480 8.045456e-02 3.900754e-02 0.000000e+00 4.144702e-02 8.393750e-08 197.08997225761414 93877.27817368507
481 8.036841e-02 3.892139e-02 0.000000e+00 4.144702e-02 8.393750e-08 204.23055338859558 94081.53826594353
482 8.032793e-02 3.888083e-02 0.000000e+00 4.144710e-02 8.393750e-08 201.80480885505676 94283.3787677288
483 8.040929e-02 3.896227e-02 0.000000e+00 4.144703e-02 7.974116e-08 198.15389919281006 94481.56815671921
484 8.035774e-02 3.891056e-02 0.000000e+00 4.144718e-02 7.974116e-08 193.47019505500793 94675.06703281403
485 8.030910e-02 3.886205e-02 0.000000e+00 4.144704e-02 7.974116e-08 191.3516595363617 94866.44557929039
486 8.032228e-02 3.887509e-02 0.000000e+00 4.144719e-02 7.575461e-08 192.406165599823 95058.88580465317
487 8.035213e-02 3.890499e-02 0.000000e+00 4.144715e-02 7.575461e-08 194.96383476257324 95253.88057875633
488 8.030442e-02 3.885726e-02 0.000000e+00 4.144716e-02 7.575461e-08 189.8767192363739 95443.78879117966
489 8.034250e-02 3.889537e-02 0.000000e+00 4.144713e-02 7.196737e-08 193.36107659339905 95637.18699932098
490 8.026812e-02 3.882089e-02 0.000000e+00 4.144723e-02 7.196737e-08 193.16177034378052 95830.37638545036
491 8.026593e-02 3.881868e-02 0.000000e+00 4.144724e-02 6.836946e-08 195.39789199829102 96025.80970668793
492 8.029047e-02 3.884327e-02 0.000000e+00 4.144720e-02 6.836946e-08 196.50630593299866 96222.35282087326
493 8.032250e-02 3.887528e-02 0.000000e+00 4.144722e-02 6.836946e-08 196.71847224235535 96419.10053396225
494 8.023896e-02 3.879163e-02 0.000000e+00 4.144733e-02 6.495143e-08 198.72863674163818 96617.85838246346
495 8.034772e-02 3.890048e-02 0.000000e+00 4.144724e-02 6.495143e-08 203.07323622703552 96820.96798038483
496 8.031970e-02 3.887251e-02 0.000000e+00 4.144719e-02 6.495143e-08 200.96158504486084 97021.96025037766
497 8.024497e-02 3.879765e-02 0.000000e+00 4.144732e-02 6.170427e-08 195.98774528503418 97217.97400546074
498 8.024652e-02 3.879928e-02 0.000000e+00 4.144724e-02 6.170427e-08 192.6154489517212 97410.61928200722
499 8.024301e-02 3.879570e-02 0.000000e+00 4.144731e-02 6.170427e-08 189.3011293411255 97599.9439907074
500 8.022210e-02 3.877477e-02 0.000000e+00 4.144733e-02 5.861945e-08 188.3608021736145 97788.33394145966
501 8.022514e-02 3.877784e-02 0.000000e+00 4.144730e-02 5.861945e-08 188.18913078308105 97976.56016206741
502 8.022440e-02 3.877706e-02 0.000000e+00 4.144734e-02 5.568886e-08 200.494877576828 98177.08152961731
503 8.023182e-02 3.878447e-02 0.000000e+00 4.144735e-02 5.568886e-08 191.67709612846375 98368.78343749046
504 8.019710e-02 3.874971e-02 0.000000e+00 4.144739e-02 5.568886e-08 194.51485085487366 98563.32849597931
505 8.021322e-02 3.876593e-02 0.000000e+00 4.144729e-02 5.290477e-08 195.46772694587708 98758.83792448044
506 8.014533e-02 3.869795e-02 0.000000e+00 4.144738e-02 5.290477e-08 195.59395289421082 98954.46125411987
507 8.021176e-02 3.876441e-02 0.000000e+00 4.144736e-02 5.290477e-08 197.72935795783997 99152.2270796299
508 8.018414e-02 3.873661e-02 0.000000e+00 4.144753e-02 5.025987e-08 195.43139958381653 99347.68502306938
509 8.014585e-02 3.869835e-02 0.000000e+00 4.144750e-02 5.025987e-08 200.21246457099915 99547.92679357529
510 8.017089e-02 3.872355e-02 0.000000e+00 4.144734e-02 5.025987e-08 198.72221064567566 99746.67898917198
511 8.018522e-02 3.873772e-02 0.000000e+00 4.144750e-02 4.774720e-08 192.18669748306274 99938.89569616318
512 8.015266e-02 3.870515e-02 0.000000e+00 4.144751e-02 4.774720e-08 189.70479369163513 100128.62345838547
513 8.016002e-02 3.871257e-02 0.000000e+00 4.144745e-02 4.774720e-08 190.42487692832947 100319.07816958427
514 8.014481e-02 3.869729e-02 0.000000e+00 4.144751e-02 4.536015e-08 192.17167353630066 100511.279545784
515 8.012429e-02 3.867690e-02 0.000000e+00 4.144740e-02 4.536015e-08 191.13232493400574 100702.44340610504
516 8.016688e-02 3.871937e-02 0.000000e+00 4.144751e-02 4.309243e-08 190.77773928642273 100893.25891637802
517 8.011287e-02 3.866536e-02 0.000000e+00 4.144751e-02 4.309243e-08 192.830260515213 101086.11795186996
518 8.012529e-02 3.867776e-02 0.000000e+00 4.144753e-02 4.309243e-08 195.41974186897278 101281.57581782341
519 8.009483e-02 3.864732e-02 0.000000e+00 4.144751e-02 4.093808e-08 197.47757697105408 101479.07843470573
520 8.012041e-02 3.867289e-02 0.000000e+00 4.144753e-02 4.093808e-08 197.77214241027832 101676.88892221451
521 8.008164e-02 3.863406e-02 0.000000e+00 4.144758e-02 4.093808e-08 198.1394395828247 101875.0518386364
522 8.009841e-02 3.865089e-02 0.000000e+00 4.144752e-02 3.889144e-08 197.05392050743103 102072.14174866676
523 8.009094e-02 3.864333e-02 0.000000e+00 4.144761e-02 3.889144e-08 203.4471673965454 102275.61616277695
524 8.011640e-02 3.866897e-02 0.000000e+00 4.144743e-02 3.889144e-08 196.20791673660278 102471.85434365273
525 8.007917e-02 3.863158e-02 0.000000e+00 4.144759e-02 3.694712e-08 192.1946907043457 102664.07970261574
526 8.009081e-02 3.864328e-02 0.000000e+00 4.144753e-02 3.694712e-08 191.81985712051392 102855.93737411499
527 8.005849e-02 3.861084e-02 0.000000e+00 4.144765e-02 3.510000e-08 188.5036656856537 103044.47083425522
528 8.009051e-02 3.864301e-02 0.000000e+00 4.144749e-02 3.510000e-08 192.27913904190063 103236.78597450256
529 8.003211e-02 3.858447e-02 0.000000e+00 4.144764e-02 3.510000e-08 192.88030791282654 103429.6959631443
530 8.005578e-02 3.860807e-02 0.000000e+00 4.144771e-02 3.334522e-08 194.25538992881775 103623.98757100105
531 8.005422e-02 3.860655e-02 0.000000e+00 4.144767e-02 3.334522e-08 196.8125364780426 103820.82963991165
532 8.003318e-02 3.858550e-02 0.000000e+00 4.144768e-02 3.334522e-08 196.9897243976593 104017.84790658951
533 8.005792e-02 3.861034e-02 0.000000e+00 4.144757e-02 3.167818e-08 199.23251700401306 104217.11019968987
534 8.002284e-02 3.857521e-02 0.000000e+00 4.144764e-02 3.167818e-08 197.68770217895508 104414.82416033745
535 8.003466e-02 3.858700e-02 0.000000e+00 4.144765e-02 3.167818e-08 199.58687949180603 104614.4486694336
536 8.004890e-02 3.860128e-02 0.000000e+00 4.144762e-02 3.009447e-08 195.41089749336243 104809.8889067173
537 8.002699e-02 3.857919e-02 0.000000e+00 4.144780e-02 3.009447e-08 194.50012588500977 105004.41864609718
538 8.005783e-02 3.861025e-02 0.000000e+00 4.144759e-02 3.009447e-08 192.720552444458 105197.16233611107
539 8.000429e-02 3.855653e-02 0.000000e+00 4.144776e-02 2.858994e-08 190.15121054649353 105387.344424963
