epoch	 loss	 RMSE_Etot	 RMSE_Ei	 RMSE_F	 real_lr	 epoch_time	 wall_time
1 1.361988e+01 1.349185e+01 0.000000e+00 1.280301e-01 5.987773e-04 280.5964517593384 280.6161880493164
2 8.731821e+00 8.651057e+00 0.000000e+00 8.076364e-02 5.987773e-04 247.23432183265686 527.8933629989624
3 4.981870e+00 4.908558e+00 0.000000e+00 7.331208e-02 5.688423e-04 257.3273582458496 785.2692713737488
4 1.268502e+00 1.203257e+00 0.000000e+00 6.524494e-02 5.688423e-04 248.69892501831055 1034.014680147171
5 4.988797e+00 4.914750e+00 0.000000e+00 7.404716e-02 5.688423e-04 242.88333940505981 1276.9343283176422
6 5.958632e+00 5.888557e+00 0.000000e+00 7.007503e-02 5.404038e-04 248.13183403015137 1525.1036698818207
7 1.438000e+00 1.376019e+00 0.000000e+00 6.198088e-02 5.404038e-04 242.84327697753906 1767.9863722324371
8 3.730870e+00 3.666435e+00 0.000000e+00 6.443444e-02 5.404038e-04 249.33031129837036 2017.3549389839172
9 1.873908e+00 1.812937e+00 0.000000e+00 6.097100e-02 5.133871e-04 241.94223594665527 2259.335206747055
10 1.554457e+00 1.495084e+00 0.000000e+00 5.937282e-02 5.133871e-04 248.03180932998657 2507.4047820568085
11 3.122929e+00 3.061432e+00 0.000000e+00 6.149643e-02 4.877210e-04 241.34045243263245 2748.782255411148
12 1.330550e+00 1.273165e+00 0.000000e+00 5.738520e-02 4.877210e-04 244.77436876296997 2993.5937650203705
13 1.958893e+00 1.898629e+00 0.000000e+00 6.026370e-02 4.877210e-04 241.36328530311584 3234.993527650833
14 1.421525e+00 1.365428e+00 0.000000e+00 5.609680e-02 4.633381e-04 245.43272733688354 3480.4632847309113
15 2.051539e+00 1.993161e+00 0.000000e+00 5.837838e-02 4.633381e-04 241.4539453983307 3721.956481695175
16 1.141050e+00 1.087903e+00 0.000000e+00 5.314749e-02 4.633381e-04 244.88569569587708 3966.8722157478333
17 2.492268e+00 2.437408e+00 0.000000e+00 5.486014e-02 4.401742e-04 243.44481301307678 4210.365862607956
18 1.344028e+00 1.293320e+00 0.000000e+00 5.070813e-02 4.401742e-04 246.28406381607056 4456.680219888687
19 2.756248e+00 2.699757e+00 0.000000e+00 5.649022e-02 4.401742e-04 243.0854001045227 4699.803609609604
20 2.008450e+00 1.955767e+00 0.000000e+00 5.268284e-02 4.181683e-04 244.88064002990723 4944.7248640060425
21 2.433790e+00 2.383269e+00 0.000000e+00 5.052145e-02 4.181683e-04 241.55341243743896 5186.315920352936
22 1.438648e+00 1.388218e+00 0.000000e+00 5.042958e-02 3.972626e-04 247.1582133769989 5433.514910697937
23 9.879674e-01 9.387803e-01 0.000000e+00 4.918703e-02 3.972626e-04 244.92936086654663 5678.481431245804
24 1.356791e+00 1.307938e+00 0.000000e+00 4.885354e-02 3.972626e-04 246.47218441963196 5925.024074316025
25 9.174230e-01 8.631273e-01 0.000000e+00 5.429568e-02 3.774020e-04 241.90365505218506 6166.964973688126
26 1.023667e+00 9.744045e-01 0.000000e+00 4.926207e-02 3.774020e-04 244.83423733711243 6411.864353656769
27 2.474057e+00 2.423379e+00 0.000000e+00 5.067809e-02 3.774020e-04 242.39158987998962 6654.291748285294
28 1.074795e+00 1.027140e+00 0.000000e+00 4.765483e-02 3.585343e-04 247.37429094314575 6901.704366445541
29 1.267173e+00 1.216076e+00 0.000000e+00 5.109652e-02 3.585343e-04 246.1632969379425 7147.90426158905
30 1.091274e+00 1.041638e+00 0.000000e+00 4.963573e-02 3.585343e-04 246.57756114006042 7394.518057823181
31 6.548774e-01 6.072779e-01 0.000000e+00 4.759948e-02 3.406099e-04 241.83597445487976 7636.393014431
32 9.569339e-01 9.096964e-01 0.000000e+00 4.723754e-02 3.406099e-04 244.4761312007904 7880.913701057434
33 1.849757e+00 1.802412e+00 0.000000e+00 4.734584e-02 3.406099e-04 240.8137047290802 8121.763897180557
34 7.447820e-01 6.981362e-01 0.000000e+00 4.664582e-02 3.235816e-04 245.31233596801758 8367.115967035294
35 1.240736e+00 1.194429e+00 0.000000e+00 4.630773e-02 3.235816e-04 243.61028838157654 8610.763082265854
36 9.683762e-01 9.217822e-01 0.000000e+00 4.659401e-02 3.074046e-04 244.92526578903198 8855.725136756897
37 1.325413e+00 1.279545e+00 0.000000e+00 4.586818e-02 3.074046e-04 242.629380941391 9098.392408847809
38 7.721242e-01 7.262815e-01 0.000000e+00 4.584276e-02 3.074046e-04 250.6955647468567 9349.126311540604
39 9.302170e-01 8.835804e-01 0.000000e+00 4.663661e-02 2.920363e-04 244.62956953048706 9593.7910323143
40 1.061492e+00 1.016198e+00 0.000000e+00 4.529328e-02 2.920363e-04 245.65400314331055 9839.483658313751
41 8.795376e-01 8.335780e-01 0.000000e+00 4.595958e-02 2.920363e-04 240.41147828102112 10079.93324637413
42 1.096055e+00 1.050728e+00 0.000000e+00 4.532778e-02 2.774364e-04 245.88807487487793 10325.850700378418
43 1.076952e+00 1.031741e+00 0.000000e+00 4.521124e-02 2.774364e-04 243.45796847343445 10569.344641923904
44 8.169809e-01 7.714243e-01 0.000000e+00 4.555660e-02 2.774364e-04 245.00003957748413 10814.381801843643
45 7.864375e-01 7.412775e-01 0.000000e+00 4.515996e-02 2.635663e-04 244.81669807434082 11059.238629579544
46 1.479243e+00 1.434249e+00 0.000000e+00 4.499337e-02 2.635663e-04 251.99537467956543 11311.272528409958
47 4.797154e-01 4.347762e-01 0.000000e+00 4.493918e-02 2.503897e-04 242.12472462654114 11553.434452533722
48 9.683731e-01 9.232074e-01 0.000000e+00 4.516571e-02 2.503897e-04 249.29504871368408 11802.775057315826
49 9.593186e-01 9.146318e-01 0.000000e+00 4.468671e-02 2.503897e-04 241.28635358810425 12044.099806308746
50 9.053598e-01 8.602833e-01 0.000000e+00 4.507656e-02 2.378718e-04 246.73598885536194 12290.874465703964
51 7.766638e-01 7.320408e-01 0.000000e+00 4.462303e-02 2.378718e-04 242.19050335884094 12533.102303981781
52 1.392389e+00 1.347721e+00 0.000000e+00 4.466757e-02 2.378718e-04 245.90866208076477 12779.049673080444
53 4.557892e-01 4.112139e-01 0.000000e+00 4.457525e-02 2.259798e-04 242.28680634498596 13021.37360739708
54 1.121123e+00 1.076575e+00 0.000000e+00 4.454766e-02 2.259798e-04 246.84483003616333 13268.264289855957
55 5.808402e-01 5.364630e-01 0.000000e+00 4.437713e-02 2.259798e-04 242.45338082313538 13510.757892370224
56 1.419275e+00 1.374734e+00 0.000000e+00 4.454062e-02 2.146822e-04 244.45522570610046 13755.254118204117
57 3.499872e-01 3.056865e-01 0.000000e+00 4.430068e-02 2.146822e-04 242.4176893234253 13997.7082862854
58 1.067355e+00 1.022869e+00 0.000000e+00 4.448532e-02 2.146822e-04 249.1993989944458 14246.94635796547
59 5.950784e-01 5.508217e-01 0.000000e+00 4.425669e-02 2.039495e-04 242.7074089050293 14489.692108154297
60 1.250118e+00 1.205942e+00 0.000000e+00 4.417633e-02 2.039495e-04 246.8127818107605 14736.542051315308
61 3.706247e-01 3.264454e-01 0.000000e+00 4.417936e-02 1.937533e-04 242.6541223526001 14979.2298746109
62 7.735590e-01 7.292943e-01 0.000000e+00 4.426473e-02 1.937533e-04 246.842919588089 15226.110989809036
63 8.272079e-01 7.831406e-01 0.000000e+00 4.406729e-02 1.937533e-04 242.41428422927856 15468.562057733536
64 6.812994e-01 6.371439e-01 0.000000e+00 4.415548e-02 1.840669e-04 247.0728189945221 15715.673294782639
65 7.956801e-01 7.516782e-01 0.000000e+00 4.400184e-02 1.840669e-04 242.51169800758362 15958.222828149796
66 6.617079e-01 6.176127e-01 0.000000e+00 4.409518e-02 1.840669e-04 247.0930643081665 16205.356171369553
67 9.243926e-01 8.803536e-01 0.000000e+00 4.403903e-02 1.748647e-04 243.41294479370117 16448.797698497772
68 3.910122e-01 3.471105e-01 0.000000e+00 4.390167e-02 1.748647e-04 245.99900698661804 16694.836072683334
69 8.628363e-01 8.187545e-01 0.000000e+00 4.408187e-02 1.748647e-04 246.3192002773285 16941.190915584564
70 5.092394e-01 4.653778e-01 0.000000e+00 4.386155e-02 1.661226e-04 247.34094095230103 17188.572705984116
71 9.982056e-01 9.543466e-01 0.000000e+00 4.385902e-02 1.661226e-04 244.52031993865967 17433.13101363182
72 3.970256e-01 3.531894e-01 0.000000e+00 4.383618e-02 1.578175e-04 256.22564601898193 17689.393288612366
73 1.126398e+00 1.082593e+00 0.000000e+00 4.380525e-02 1.578175e-04 243.17350244522095 17932.60191297531
74 2.728520e-01 2.291074e-01 0.000000e+00 4.374461e-02 1.578175e-04 250.60395693778992 18183.24395465851
75 9.309395e-01 8.870550e-01 0.000000e+00 4.388450e-02 1.499277e-04 241.65249967575073 18424.942096710205
76 3.207138e-01 2.770001e-01 0.000000e+00 4.371366e-02 1.499277e-04 245.9247899055481 18670.89694404602
77 1.014372e+00 9.706384e-01 0.000000e+00 4.373337e-02 1.499277e-04 242.21899318695068 18913.154059410095
78 2.945085e-01 2.508446e-01 0.000000e+00 4.366387e-02 1.424323e-04 250.17239904403687 19163.364230632782
79 8.273029e-01 7.835446e-01 0.000000e+00 4.375826e-02 1.424323e-04 243.20082449913025 19406.602652311325
80 2.827361e-01 2.391096e-01 0.000000e+00 4.362650e-02 1.424323e-04 246.46423196792603 19653.10540509224
81 9.111893e-01 8.674596e-01 0.000000e+00 4.372963e-02 1.353116e-04 243.79076170921326 19896.934004306793
82 2.670461e-01 2.234715e-01 0.000000e+00 4.357453e-02 1.353116e-04 247.01366066932678 20143.98477959633
83 8.615906e-01 8.178571e-01 0.000000e+00 4.373356e-02 1.353116e-04 242.09593176841736 20386.125273942947
84 2.533121e-01 2.097677e-01 0.000000e+00 4.354436e-02 1.285468e-04 249.40401530265808 20635.564190864563
85 9.144847e-01 8.708833e-01 0.000000e+00 4.360145e-02 1.285468e-04 244.74162936210632 20880.352149009705
86 2.425710e-01 1.990595e-01 0.000000e+00 4.351153e-02 1.221203e-04 246.92395162582397 21127.311735391617
87 8.409077e-01 7.973696e-01 0.000000e+00 4.353812e-02 1.221203e-04 244.04495477676392 21371.403784036636
88 2.404159e-01 1.969421e-01 0.000000e+00 4.347374e-02 1.221203e-04 246.08102679252625 21617.522010087967
89 7.844335e-01 7.409099e-01 0.000000e+00 4.352362e-02 1.160151e-04 243.52604055404663 21861.093107938766
90 2.575139e-01 2.140780e-01 0.000000e+00 4.343588e-02 1.160151e-04 244.68335962295532 22105.81347131729
91 8.304455e-01 7.869719e-01 0.000000e+00 4.347355e-02 1.160151e-04 243.98762106895447 22349.839148283005
92 2.024744e-01 1.590681e-01 0.000000e+00 4.340630e-02 1.102151e-04 244.075514793396 22593.95619082451
93 7.657079e-01 7.222702e-01 0.000000e+00 4.343771e-02 1.102151e-04 242.2109055519104 22836.212722063065
94 2.104984e-01 1.671353e-01 0.000000e+00 4.336311e-02 1.102151e-04 246.71010327339172 23082.96271753311
95 7.550257e-01 7.115976e-01 0.000000e+00 4.342807e-02 1.047050e-04 243.44247484207153 23326.442717313766
96 1.901096e-01 1.467678e-01 0.000000e+00 4.334182e-02 1.047050e-04 247.96337175369263 23574.442528486252
97 7.459054e-01 7.025400e-01 0.000000e+00 4.336547e-02 9.947045e-05 242.59544491767883 23817.083974838257
98 2.036334e-01 1.603333e-01 0.000000e+00 4.330011e-02 9.947045e-05 246.88376140594482 24064.006671190262
99 6.565853e-01 6.132451e-01 0.000000e+00 4.334018e-02 9.947045e-05 243.78769612312317 24307.8352227211
100 1.978382e-01 1.545739e-01 0.000000e+00 4.326428e-02 9.449757e-05 242.9876847267151 24550.869089126587
101 6.360798e-01 5.927963e-01 0.000000e+00 4.328347e-02 9.449757e-05 243.36558723449707 24794.27511024475
102 2.119228e-01 1.686969e-01 0.000000e+00 4.322591e-02 9.449757e-05 248.14338302612305 25042.454548835754
103 7.331468e-01 6.898647e-01 0.000000e+00 4.328209e-02 8.977330e-05 238.7589409351349 25281.249967098236
104 1.654697e-01 1.222754e-01 0.000000e+00 4.319427e-02 8.977330e-05 244.12695789337158 25525.416790008545
105 6.691241e-01 6.259209e-01 0.000000e+00 4.320318e-02 8.977330e-05 242.68360877037048 25768.149341344833
106 1.716286e-01 1.284556e-01 0.000000e+00 4.317303e-02 8.528521e-05 248.22487354278564 26016.41287946701
107 6.397972e-01 5.966231e-01 0.000000e+00 4.317410e-02 8.528521e-05 240.16366386413574 26256.612715244293
108 1.753317e-01 1.321967e-01 0.000000e+00 4.313499e-02 8.102149e-05 246.00449085235596 26502.65345954895
109 6.712874e-01 6.281279e-01 0.000000e+00 4.315948e-02 8.102149e-05 244.21263432502747 26746.90589952469
110 1.574929e-01 1.143905e-01 0.000000e+00 4.310236e-02 8.102149e-05 250.31061625480652 26997.251433372498
111 6.161292e-01 5.730181e-01 0.000000e+00 4.311111e-02 7.697094e-05 246.85505270957947 27244.153435230255
112 1.688653e-01 1.257953e-01 0.000000e+00 4.306995e-02 7.697094e-05 246.72654151916504 27490.917582273483
113 6.176060e-01 5.745457e-01 0.000000e+00 4.306037e-02 7.697094e-05 243.29008293151855 27734.245240688324
114 1.481633e-01 1.051153e-01 0.000000e+00 4.304793e-02 7.312288e-05 245.18184542655945 27979.464116573334
115 5.897259e-01 5.466914e-01 0.000000e+00 4.303449e-02 7.312288e-05 260.879953622818 28240.389986515045
116 1.524163e-01 1.094016e-01 0.000000e+00 4.301467e-02 7.312288e-05 249.04342913627625 28489.471492767334
117 6.458981e-01 6.028945e-01 0.000000e+00 4.300357e-02 6.946721e-05 244.50858664512634 28734.01774907112
118 1.368669e-01 9.387524e-02 0.000000e+00 4.299163e-02 6.946721e-05 246.4381229877472 28980.494970560074
119 5.313818e-01 4.884021e-01 0.000000e+00 4.297972e-02 6.946721e-05 244.50318336486816 29225.046804904938
120 1.604872e-01 1.175223e-01 0.000000e+00 4.296485e-02 6.599429e-05 248.55869007110596 29473.63580751419
121 5.049065e-01 4.619399e-01 0.000000e+00 4.296656e-02 6.599429e-05 242.6081280708313 29716.279805660248
122 1.517476e-01 1.088043e-01 0.000000e+00 4.294331e-02 6.269500e-05 245.39368653297424 29961.712909698486
123 5.109511e-01 4.680123e-01 0.000000e+00 4.293879e-02 6.269500e-05 239.97247576713562 30201.71443748474
124 1.455900e-01 1.026687e-01 0.000000e+00 4.292133e-02 6.269500e-05 247.6528286933899 30449.39718580246
125 5.098169e-01 4.669119e-01 0.000000e+00 4.290501e-02 5.956065e-05 242.91624522209167 30692.351827144623
126 1.391758e-01 9.627520e-02 0.000000e+00 4.290058e-02 5.956065e-05 245.76447892189026 30938.154209136963
127 5.023018e-01 4.594132e-01 0.000000e+00 4.288852e-02 5.956065e-05 245.90976405143738 31184.1005961895
128 1.420852e-01 9.920973e-02 0.000000e+00 4.287547e-02 5.658300e-05 245.23541402816772 31429.37711572647
129 4.565897e-01 4.137349e-01 0.000000e+00 4.285478e-02 5.658300e-05 242.88945841789246 31672.304552555084
130 1.423378e-01 9.947886e-02 0.000000e+00 4.285890e-02 5.658300e-05 248.73717212677002 31921.076491832733
131 4.710029e-01 4.281597e-01 0.000000e+00 4.284321e-02 5.375422e-05 244.0687644481659 32165.183442115784
132 1.424143e-01 9.957794e-02 0.000000e+00 4.283641e-02 5.375422e-05 244.6836335659027 32409.902737140656
133 4.335851e-01 3.907656e-01 0.000000e+00 4.281954e-02 5.106685e-05 245.94141936302185 32655.88403582573
134 1.437931e-01 1.009760e-01 0.000000e+00 4.281709e-02 5.106685e-05 247.60788989067078 32903.52907371521
135 4.288424e-01 3.860421e-01 0.000000e+00 4.280033e-02 5.106685e-05 245.1375105381012 33148.7069811821
136 1.351533e-01 9.235377e-02 0.000000e+00 4.279954e-02 4.851383e-05 246.17071437835693 33394.91873431206
137 4.170472e-01 3.742639e-01 0.000000e+00 4.278330e-02 4.851383e-05 242.52644538879395 33637.49082875252
138 1.311212e-01 8.833110e-02 0.000000e+00 4.279012e-02 4.851383e-05 244.48154664039612 33882.00280690193
139 4.131703e-01 3.704015e-01 0.000000e+00 4.276877e-02 4.608845e-05 243.0817608833313 34125.133328437805
140 1.345710e-01 9.180567e-02 0.000000e+00 4.276532e-02 4.608845e-05 243.30334305763245 34368.471868515015
141 3.842695e-01 3.415195e-01 0.000000e+00 4.274996e-02 4.608845e-05 242.30358242988586 34610.81404256821
142 1.330011e-01 9.024803e-02 0.000000e+00 4.275307e-02 4.378433e-05 245.69156646728516 34856.54292035103
143 3.871432e-01 3.444057e-01 0.000000e+00 4.273746e-02 4.378433e-05 243.7059199810028 35100.289117097855
144 1.304204e-01 8.767417e-02 0.000000e+00 4.274626e-02 4.378433e-05 246.35184025764465 35346.670364141464
145 3.722927e-01 3.295703e-01 0.000000e+00 4.272244e-02 4.159539e-05 240.86747884750366 35587.579473257065
146 1.269536e-01 8.422494e-02 0.000000e+00 4.272867e-02 4.159539e-05 246.11002278327942 35833.7273876667
147 3.570321e-01 3.143175e-01 0.000000e+00 4.271459e-02 3.951589e-05 244.46717596054077 36078.240114450455
148 1.312305e-01 8.851742e-02 0.000000e+00 4.271305e-02 3.951589e-05 247.08530378341675 36325.36233186722
149 3.234551e-01 2.807513e-01 0.000000e+00 4.270374e-02 3.951589e-05 242.7335524559021 36568.12585449219
150 1.304353e-01 8.773145e-02 0.000000e+00 4.270386e-02 3.754035e-05 245.7956144809723 36813.962304353714
151 3.446438e-01 3.019502e-01 0.000000e+00 4.269356e-02 3.754035e-05 243.1238398551941 37057.123411893845
152 1.307682e-01 8.807744e-02 0.000000e+00 4.269080e-02 3.754035e-05 245.92406582832336 37303.084423303604
153 3.244252e-01 2.817432e-01 0.000000e+00 4.268202e-02 3.566357e-05 241.44082260131836 37544.56418585777
154 1.288108e-01 8.612844e-02 0.000000e+00 4.268231e-02 3.566357e-05 246.7064185142517 37791.30880212784
155 3.065383e-01 2.638694e-01 0.000000e+00 4.266896e-02 3.566357e-05 244.07631540298462 38035.42304825783
156 1.336559e-01 9.098434e-02 0.000000e+00 4.267157e-02 3.388062e-05 248.21103429794312 38283.67157435417
157 2.858600e-01 2.431995e-01 0.000000e+00 4.266048e-02 3.388062e-05 242.2503218650818 38525.960449934006
158 1.270597e-01 8.439289e-02 0.000000e+00 4.266685e-02 3.218681e-05 245.5534689426422 38771.54906082153
159 3.135274e-01 2.708775e-01 0.000000e+00 4.264998e-02 3.218681e-05 255.797221660614 39027.38255214691
160 1.207827e-01 7.812573e-02 0.000000e+00 4.265700e-02 3.218681e-05 247.46847677230835 39274.889189720154
161 2.769123e-01 2.342704e-01 0.000000e+00 4.264194e-02 3.057767e-05 243.41409850120544 39518.34901094437
162 1.260179e-01 8.336933e-02 0.000000e+00 4.264855e-02 3.057767e-05 247.93505549430847 39766.32378292084
163 2.551878e-01 2.125531e-01 0.000000e+00 4.263464e-02 3.057767e-05 241.28428030014038 40007.64915370941
164 1.280982e-01 8.545885e-02 0.000000e+00 4.263932e-02 2.904898e-05 248.19767808914185 40255.88572192192
165 2.622869e-01 2.196607e-01 0.000000e+00 4.262628e-02 2.904898e-05 242.44125509262085 40498.363819122314
166 1.247228e-01 8.209355e-02 0.000000e+00 4.262923e-02 2.904898e-05 249.65185022354126 40748.0566136837
167 2.639457e-01 2.213249e-01 0.000000e+00 4.262087e-02 2.759672e-05 240.78946900367737 40988.88347506523
168 1.198118e-01 7.718750e-02 0.000000e+00 4.262429e-02 2.759672e-05 245.60865449905396 41234.52186512947
169 2.460330e-01 2.034186e-01 0.000000e+00 4.261446e-02 2.759672e-05 242.64591026306152 41477.20604610443
170 1.232047e-01 8.058792e-02 0.000000e+00 4.261681e-02 2.621706e-05 244.72755026817322 41721.9715051651
171 2.206279e-01 1.780234e-01 0.000000e+00 4.260444e-02 2.621706e-05 245.25264596939087 41967.26161766052
172 1.295370e-01 8.692726e-02 0.000000e+00 4.260973e-02 2.490638e-05 249.05438685417175 42216.35588026047
173 2.035063e-01 1.609056e-01 0.000000e+00 4.260065e-02 2.490638e-05 243.2162160873413 42459.61168861389
174 1.312610e-01 8.865724e-02 0.000000e+00 4.260374e-02 2.490638e-05 246.5045669078827 42706.157209157944
175 2.012298e-01 1.586393e-01 0.000000e+00 4.259050e-02 2.366122e-05 242.97961616516113 42949.17264175415
176 1.246555e-01 8.205807e-02 0.000000e+00 4.259744e-02 2.366122e-05 246.5930163860321 43195.805676698685
177 2.015572e-01 1.589705e-01 0.000000e+00 4.258675e-02 2.366122e-05 243.59084010124207 43439.434411764145
178 1.270213e-01 8.443127e-02 0.000000e+00 4.259007e-02 2.247831e-05 245.9214391708374 43685.396604537964
179 1.707875e-01 1.282055e-01 0.000000e+00 4.258200e-02 2.247831e-05 242.9167857170105 43928.35149669647
180 1.390478e-01 9.646514e-02 0.000000e+00 4.258263e-02 2.247831e-05 248.89521956443787 44177.28788852692
181 1.883118e-01 1.457375e-01 0.000000e+00 4.257427e-02 2.135454e-05 242.4876413345337 44419.80982494354
182 1.205644e-01 7.798709e-02 0.000000e+00 4.257729e-02 2.135454e-05 246.2256932258606 44666.064463377
183 1.916218e-01 1.490537e-01 0.000000e+00 4.256809e-02 2.028695e-05 245.11152052879333 44911.213641405106
184 1.202126e-01 7.764203e-02 0.000000e+00 4.257054e-02 2.028695e-05 245.87218284606934 45157.123762369156
185 1.612587e-01 1.186941e-01 0.000000e+00 4.256454e-02 2.028695e-05 242.5547559261322 45399.715911865234
186 1.282573e-01 8.569222e-02 0.000000e+00 4.256512e-02 1.927273e-05 245.0519733428955 45644.80481362343
187 1.425207e-01 9.995926e-02 0.000000e+00 4.256145e-02 1.927273e-05 242.4920928478241 45887.33289504051
188 1.432791e-01 1.007201e-01 0.000000e+00 4.255900e-02 1.927273e-05 249.13043928146362 46136.50131082535
189 1.396466e-01 9.709019e-02 0.000000e+00 4.255643e-02 1.830922e-05 243.09477519989014 46379.63239836693
190 1.299755e-01 8.742169e-02 0.000000e+00 4.255385e-02 1.830922e-05 246.5097780227661 46626.18053603172
191 1.504850e-01 1.079341e-01 0.000000e+00 4.255087e-02 1.830922e-05 242.66680765151978 46868.877000808716
192 1.279457e-01 8.539595e-02 0.000000e+00 4.254971e-02 1.739387e-05 245.89014410972595 47114.80615210533
193 1.351929e-01 9.264659e-02 0.000000e+00 4.254634e-02 1.739387e-05 241.79734992980957 47356.63339328766
194 1.442537e-01 1.017104e-01 0.000000e+00 4.254328e-02 1.652429e-05 247.78179049491882 47604.450392484665
195 1.255011e-01 8.295920e-02 0.000000e+00 4.254189e-02 1.652429e-05 245.8819694519043 47850.37023353577
196 1.345820e-01 9.204288e-02 0.000000e+00 4.253913e-02 1.652429e-05 246.43572282791138 48096.834315776825
197 1.225207e-01 7.998306e-02 0.000000e+00 4.253763e-02 1.569818e-05 242.7415771484375 48339.61287975311
198 1.237219e-01 8.118780e-02 0.000000e+00 4.253413e-02 1.569818e-05 245.59385299682617 48585.24451160431
199 1.245271e-01 8.199286e-02 0.000000e+00 4.253421e-02 1.569818e-05 243.1630311012268 48828.4485168457
200 1.202061e-01 7.767484e-02 0.000000e+00 4.253122e-02 1.491337e-05 246.43519234657288 49074.922511577606
201 1.167892e-01 7.425959e-02 0.000000e+00 4.252963e-02 1.491337e-05 243.66445469856262 49318.621713638306
202 1.263461e-01 8.382062e-02 0.000000e+00 4.252547e-02 1.491337e-05 246.0181860923767 49564.68532752991
203 1.160659e-01 7.354149e-02 0.000000e+00 4.252436e-02 1.416780e-05 244.22091960906982 49808.944274663925
204 1.229960e-01 8.047427e-02 0.000000e+00 4.252174e-02 1.416780e-05 248.97253561019897 50057.9620218277
205 1.163766e-01 7.385727e-02 0.000000e+00 4.251933e-02 1.416780e-05 242.4118514060974 50300.411655426025
206 1.216286e-01 7.911166e-02 0.000000e+00 4.251695e-02 1.345950e-05 245.60323691368103 50546.05243563652
207 1.131107e-01 7.059320e-02 0.000000e+00 4.251753e-02 1.345950e-05 242.55057191848755 50788.63861632347
208 1.151775e-01 7.266244e-02 0.000000e+00 4.251510e-02 1.278661e-05 245.33665990829468 51034.02113819122
209 1.180984e-01 7.558449e-02 0.000000e+00 4.251389e-02 1.278661e-05 244.13318800926208 51278.19296169281
210 1.141223e-01 7.161060e-02 0.000000e+00 4.251166e-02 1.278661e-05 248.43361973762512 51526.663371801376
211 1.120254e-01 6.951580e-02 0.000000e+00 4.250961e-02 1.214736e-05 247.20206451416016 51773.90482521057
212 1.110320e-01 6.852426e-02 0.000000e+00 4.250776e-02 1.214736e-05 244.988050699234 52018.938839673996
213 1.120222e-01 6.951537e-02 0.000000e+00 4.250678e-02 1.214736e-05 241.50676321983337 52260.4922144413
214 1.111456e-01 6.864089e-02 0.000000e+00 4.250468e-02 1.154007e-05 248.72160363197327 52509.25082087517
215 1.106252e-01 6.812238e-02 0.000000e+00 4.250283e-02 1.154007e-05 242.53929090499878 52751.82480764389
216 1.107726e-01 6.827195e-02 0.000000e+00 4.250069e-02 1.154007e-05 247.5978925228119 52999.46818566322
217 1.099997e-01 6.750074e-02 0.000000e+00 4.249893e-02 1.096314e-05 243.6910240650177 53243.199357032776
218 1.075968e-01 6.509890e-02 0.000000e+00 4.249789e-02 1.096314e-05 249.72856736183167 53492.97313952446
219 1.078692e-01 6.537403e-02 0.000000e+00 4.249520e-02 1.041506e-05 244.37854957580566 53737.397663116455
220 1.064933e-01 6.399855e-02 0.000000e+00 4.249475e-02 1.041506e-05 246.20478296279907 53983.642238378525
221 1.058143e-01 6.332050e-02 0.000000e+00 4.249380e-02 1.041506e-05 243.70536398887634 54227.39318203926
222 1.066896e-01 6.419917e-02 0.000000e+00 4.249043e-02 9.894371e-06 246.2941815853119 54473.73089528084
223 1.059366e-01 6.344647e-02 0.000000e+00 4.249009e-02 9.894371e-06 242.77407240867615 54716.541112184525
224 1.060444e-01 6.355611e-02 0.000000e+00 4.248834e-02 9.894371e-06 244.67171573638916 54961.24875020981
225 1.061315e-01 6.364373e-02 0.000000e+00 4.248777e-02 9.399716e-06 242.30746126174927 55203.59145903587
226 1.046969e-01 6.221054e-02 0.000000e+00 4.248634e-02 9.399716e-06 246.69176292419434 55450.32066655159
227 1.040142e-01 6.152963e-02 0.000000e+00 4.248461e-02 9.399716e-06 242.49514508247375 55692.86129760742
228 1.043798e-01 6.189612e-02 0.000000e+00 4.248368e-02 8.929791e-06 245.27622151374817 55938.18480324745
229 1.031164e-01 6.063464e-02 0.000000e+00 4.248180e-02 8.929791e-06 243.16629195213318 56181.38895487785
230 1.039444e-01 6.146389e-02 0.000000e+00 4.248048e-02 8.929791e-06 246.24898672103882 56427.68171954155
231 1.026309e-01 6.015080e-02 0.000000e+00 4.248013e-02 8.483358e-06 241.67447805404663 56669.395099163055
232 1.037460e-01 6.126780e-02 0.000000e+00 4.247818e-02 8.483358e-06 245.34721326828003 56914.789087057114
233 1.016092e-01 5.913165e-02 0.000000e+00 4.247756e-02 8.059245e-06 242.9552938938141 57157.78291487694
234 1.012468e-01 5.877031e-02 0.000000e+00 4.247645e-02 8.059245e-06 244.8277051448822 57402.65402150154
235 1.012524e-01 5.877789e-02 0.000000e+00 4.247450e-02 8.059245e-06 243.58231329917908 57646.28174448013
236 1.024835e-01 6.001012e-02 0.000000e+00 4.247334e-02 7.656334e-06 247.99339532852173 57894.31154561043
237 1.011233e-01 5.865012e-02 0.000000e+00 4.247323e-02 7.656334e-06 242.7014763355255 58137.05184960365
238 1.005891e-01 5.811681e-02 0.000000e+00 4.247230e-02 7.656334e-06 245.18272948265076 58382.281995773315
239 9.975914e-02 5.728881e-02 0.000000e+00 4.247033e-02 7.273567e-06 246.25325441360474 58628.578877449036
240 1.003821e-01 5.791354e-02 0.000000e+00 4.246860e-02 7.273567e-06 249.25024724006653 58877.873465299606
241 9.998061e-02 5.751281e-02 0.000000e+00 4.246780e-02 7.273567e-06 241.5730175971985 59119.4838244915
242 9.990402e-02 5.743709e-02 0.000000e+00 4.246692e-02 6.909935e-06 244.2378420829773 59363.7573800087
243 9.958854e-02 5.712207e-02 0.000000e+00 4.246647e-02 6.909935e-06 242.06872963905334 59605.864275455475
244 9.998027e-02 5.751535e-02 0.000000e+00 4.246492e-02 6.564482e-06 245.62876200675964 59851.5396502018
245 9.939361e-02 5.692861e-02 0.000000e+00 4.246500e-02 6.564482e-06 244.3667938709259 60095.94561243057
246 9.891196e-02 5.644778e-02 0.000000e+00 4.246418e-02 6.564482e-06 247.69141244888306 60343.68757939339
247 9.877109e-02 5.630896e-02 0.000000e+00 4.246213e-02 6.236300e-06 241.33282589912415 60585.06523966789
248 9.735764e-02 5.489593e-02 0.000000e+00 4.246171e-02 6.236300e-06 244.74515390396118 60829.853652238846
249 9.699130e-02 5.453070e-02 0.000000e+00 4.246060e-02 6.236300e-06 242.78273224830627 61072.68132805824
250 9.746084e-02 5.500077e-02 0.000000e+00 4.246007e-02 5.924525e-06 249.3470482826233 61322.07458329201
251 9.673298e-02 5.427344e-02 0.000000e+00 4.245953e-02 5.924525e-06 243.85986351966858 61565.97291445732
252 9.792866e-02 5.547073e-02 0.000000e+00 4.245793e-02 5.924525e-06 247.0646460056305 61813.08333325386
253 9.698698e-02 5.452950e-02 0.000000e+00 4.245748e-02 5.628337e-06 246.98386931419373 62060.10418844223
254 9.532832e-02 5.287118e-02 0.000000e+00 4.245714e-02 5.628337e-06 246.39990711212158 62306.5419178009
255 9.600109e-02 5.354504e-02 0.000000e+00 4.245605e-02 5.628337e-06 243.54649829864502 62550.131361722946
256 9.560749e-02 5.315183e-02 0.000000e+00 4.245566e-02 5.346956e-06 247.46621584892273 62797.63983130455
257 9.604056e-02 5.358539e-02 0.000000e+00 4.245517e-02 5.346956e-06 242.8562262058258 63040.52644133568
258 9.693582e-02 5.448180e-02 0.000000e+00 4.245402e-02 5.079643e-06 247.24477219581604 63287.80848956108
259 9.609592e-02 5.364209e-02 0.000000e+00 4.245383e-02 5.079643e-06 248.45115327835083 63536.297986745834
260 9.633676e-02 5.388407e-02 0.000000e+00 4.245270e-02 5.079643e-06 248.21095895767212 63784.544608831406
261 9.440547e-02 5.195404e-02 0.000000e+00 4.245143e-02 4.825693e-06 242.67238974571228 64027.25673341751
262 9.601047e-02 5.355963e-02 0.000000e+00 4.245084e-02 4.825693e-06 247.46110725402832 64274.768072366714
263 9.478505e-02 5.233426e-02 0.000000e+00 4.245079e-02 4.825693e-06 261.2777376174927 64536.08165001869
264 9.566648e-02 5.321657e-02 0.000000e+00 4.244991e-02 4.584439e-06 246.67432641983032 64782.793113946915
265 9.374786e-02 5.129812e-02 0.000000e+00 4.244975e-02 4.584439e-06 243.59735751152039 65026.42845225334
266 9.473039e-02 5.228225e-02 0.000000e+00 4.244814e-02 4.584439e-06 247.1867711544037 65273.65929412842
267 9.368234e-02 5.123421e-02 0.000000e+00 4.244813e-02 4.355247e-06 241.65851950645447 65515.354667425156
268 9.491917e-02 5.247086e-02 0.000000e+00 4.244832e-02 4.355247e-06 245.9220654964447 65761.32284092903
269 9.367825e-02 5.123151e-02 0.000000e+00 4.244674e-02 4.137512e-06 242.92889881134033 66004.29043984413
270 9.346568e-02 5.101926e-02 0.000000e+00 4.244642e-02 4.137512e-06 249.8881711959839 66254.22389483452
271 9.352807e-02 5.108207e-02 0.000000e+00 4.244601e-02 4.137512e-06 241.74472570419312 66496.01403045654
272 9.288223e-02 5.043655e-02 0.000000e+00 4.244568e-02 3.930663e-06 247.92355298995972 66743.97541069984
273 9.216720e-02 4.972216e-02 0.000000e+00 4.244504e-02 3.930663e-06 242.79504346847534 66986.81643152237
274 9.293760e-02 5.049257e-02 0.000000e+00 4.244502e-02 3.930663e-06 245.5481071472168 67232.41102695465
275 9.301305e-02 5.056954e-02 0.000000e+00 4.244350e-02 3.734155e-06 246.0737271308899 67478.52208805084
276 9.298726e-02 5.054377e-02 0.000000e+00 4.244349e-02 3.734155e-06 246.6427218914032 67725.20257163048
277 9.207873e-02 4.963589e-02 0.000000e+00 4.244284e-02 3.734155e-06 246.31302523612976 67971.5450348854
278 9.213687e-02 4.969470e-02 0.000000e+00 4.244218e-02 3.547471e-06 249.52561140060425 68221.1431543827
279 9.199497e-02 4.955274e-02 0.000000e+00 4.244223e-02 3.547471e-06 243.02275013923645 68464.2055978775
280 9.277760e-02 5.033605e-02 0.000000e+00 4.244155e-02 3.547471e-06 248.50084495544434 68712.75297188759
281 9.209250e-02 4.965171e-02 0.000000e+00 4.244079e-02 3.370121e-06 243.22989988327026 68956.01991009712
282 9.191147e-02 4.947057e-02 0.000000e+00 4.244090e-02 3.370121e-06 247.48489546775818 69203.54634690285
283 9.206122e-02 4.962112e-02 0.000000e+00 4.244010e-02 3.201636e-06 243.37750697135925 69446.97175884247
284 9.114245e-02 4.870239e-02 0.000000e+00 4.244006e-02 3.201636e-06 248.93464493751526 69695.94653201103
285 9.027098e-02 4.783153e-02 0.000000e+00 4.243946e-02 3.201636e-06 243.83819770812988 69939.84102892876
286 9.123552e-02 4.879644e-02 0.000000e+00 4.243908e-02 3.041575e-06 248.25479888916016 70188.14511418343
287 9.155483e-02 4.911598e-02 0.000000e+00 4.243885e-02 3.041575e-06 243.9927978515625 70432.17430949211
288 9.011702e-02 4.767875e-02 0.000000e+00 4.243827e-02 3.041575e-06 246.19169282913208 70678.39664411545
289 9.068285e-02 4.824502e-02 0.000000e+00 4.243783e-02 2.889516e-06 242.21047496795654 70920.65286827087
290 9.069621e-02 4.825872e-02 0.000000e+00 4.243750e-02 2.889516e-06 248.90133810043335 71169.59191441536
291 9.017554e-02 4.773793e-02 0.000000e+00 4.243760e-02 2.889516e-06 245.5827991962433 71415.21052765846
292 9.040999e-02 4.797313e-02 0.000000e+00 4.243686e-02 2.745058e-06 247.45515632629395 71662.70218586922
293 9.118039e-02 4.874399e-02 0.000000e+00 4.243640e-02 2.745058e-06 240.90853357315063 71903.64850950241
294 8.982631e-02 4.738981e-02 0.000000e+00 4.243650e-02 2.607823e-06 246.2146692276001 72149.90143942833
295 9.011325e-02 4.767692e-02 0.000000e+00 4.243633e-02 2.607823e-06 243.02541089057922 72392.97256088257
296 9.035910e-02 4.792328e-02 0.000000e+00 4.243583e-02 2.607823e-06 245.79324531555176 72638.79653644562
297 9.010508e-02 4.766945e-02 0.000000e+00 4.243563e-02 2.477449e-06 244.59627556800842 72883.42271494865
298 8.982172e-02 4.738668e-02 0.000000e+00 4.243504e-02 2.477449e-06 247.71188807487488 73131.17514038086
299 8.962324e-02 4.718849e-02 0.000000e+00 4.243475e-02 2.477449e-06 244.55433058738708 73375.76667332649
300 8.983612e-02 4.740164e-02 0.000000e+00 4.243447e-02 2.353592e-06 247.49956226348877 73623.31178689003
301 8.992722e-02 4.749272e-02 0.000000e+00 4.243449e-02 2.353592e-06 246.6030924320221 73869.95214247704
302 8.899150e-02 4.655721e-02 0.000000e+00 4.243429e-02 2.353592e-06 250.70270776748657 74120.69275522232
303 8.965887e-02 4.722499e-02 0.000000e+00 4.243388e-02 2.235928e-06 244.65691351890564 74365.3963906765
304 9.016045e-02 4.772704e-02 0.000000e+00 4.243341e-02 2.235928e-06 251.16964197158813 74616.60741639137
305 8.884975e-02 4.641631e-02 0.000000e+00 4.243344e-02 2.124146e-06 246.51276993751526 74863.15556359291
306 8.856185e-02 4.612880e-02 0.000000e+00 4.243305e-02 2.124146e-06 247.89378881454468 75111.09580183029
307 8.887785e-02 4.644486e-02 0.000000e+00 4.243299e-02 2.124146e-06 246.35340189933777 75357.49437594414
308 8.903802e-02 4.660537e-02 0.000000e+00 4.243265e-02 2.017952e-06 248.67982578277588 75606.21196579933
309 8.953834e-02 4.710576e-02 0.000000e+00 4.243258e-02 2.017952e-06 243.5727767944336 75849.8263323307
310 8.894561e-02 4.651339e-02 0.000000e+00 4.243223e-02 2.017952e-06 249.14507818222046 76099.01034903526
311 8.870206e-02 4.627009e-02 0.000000e+00 4.243198e-02 1.917067e-06 244.4237699508667 76343.47283172607
312 8.923278e-02 4.680097e-02 0.000000e+00 4.243181e-02 1.917067e-06 247.5276484489441 76591.03736782074
313 8.803397e-02 4.560241e-02 0.000000e+00 4.243155e-02 1.917067e-06 243.3849823474884 76834.45728230476
314 8.802474e-02 4.559337e-02 0.000000e+00 4.243136e-02 1.821226e-06 247.89889311790466 77082.39939951897
315 8.854344e-02 4.611215e-02 0.000000e+00 4.243129e-02 1.821226e-06 246.2088704109192 77328.65291285515
316 8.846784e-02 4.603667e-02 0.000000e+00 4.243117e-02 1.821226e-06 248.71951746940613 77577.41193151474
317 8.801752e-02 4.558658e-02 0.000000e+00 4.243094e-02 1.730177e-06 247.17972660064697 77824.63263177872
318 8.811059e-02 4.567970e-02 0.000000e+00 4.243090e-02 1.730177e-06 248.01643681526184 78072.6929705143
319 8.785339e-02 4.542286e-02 0.000000e+00 4.243053e-02 1.643679e-06 246.36501169204712 78319.09776353836
320 8.763706e-02 4.520643e-02 0.000000e+00 4.243063e-02 1.643679e-06 250.4179401397705 78569.56340885162
321 8.837602e-02 4.594580e-02 0.000000e+00 4.243022e-02 1.643679e-06 257.8698887825012 78827.47855353355
322 8.821251e-02 4.578249e-02 0.000000e+00 4.243003e-02 1.561505e-06 245.84726214408875 79073.366771698
323 8.724034e-02 4.481030e-02 0.000000e+00 4.243004e-02 1.561505e-06 241.5990800857544 79315.00241827965
324 8.775314e-02 4.532325e-02 0.000000e+00 4.242988e-02 1.561505e-06 246.60572385787964 79561.65702414513
325 8.740739e-02 4.497750e-02 0.000000e+00 4.242990e-02 1.483440e-06 245.53603863716125 79807.23221516609
326 8.828690e-02 4.585733e-02 0.000000e+00 4.242957e-02 1.483440e-06 246.80222511291504 80054.0704677105
327 8.716689e-02 4.473750e-02 0.000000e+00 4.242939e-02 1.483440e-06 247.20468974113464 80301.31187605858
328 8.727252e-02 4.484337e-02 0.000000e+00 4.242915e-02 1.409278e-06 245.90657305717468 80547.26413035393
329 8.732371e-02 4.489443e-02 0.000000e+00 4.242928e-02 1.409278e-06 243.70368885993958 80791.00407195091
330 8.773675e-02 4.530756e-02 0.000000e+00 4.242919e-02 1.338823e-06 246.63073897361755 81037.671595335
331 8.700479e-02 4.457594e-02 0.000000e+00 4.242885e-02 1.338823e-06 244.97689199447632 81282.6869571209
332 8.709652e-02 4.466786e-02 0.000000e+00 4.242866e-02 1.338823e-06 247.93181133270264 81530.6629998684
333 8.700009e-02 4.457142e-02 0.000000e+00 4.242866e-02 1.271890e-06 248.98805975914001 81779.68792772293
334 8.712144e-02 4.469295e-02 0.000000e+00 4.242849e-02 1.271890e-06 246.16842126846313 82025.89978122711
335 8.684761e-02 4.441917e-02 0.000000e+00 4.242844e-02 1.271890e-06 245.72555804252625 82271.66239190102
336 8.683422e-02 4.440590e-02 0.000000e+00 4.242832e-02 1.208304e-06 246.48556184768677 82518.19605708122
337 8.700761e-02 4.457951e-02 0.000000e+00 4.242810e-02 1.208304e-06 245.09420490264893 82763.3360285759
338 8.663410e-02 4.420577e-02 0.000000e+00 4.242833e-02 1.208304e-06 246.9117968082428 83010.285769701
339 8.665151e-02 4.422344e-02 0.000000e+00 4.242808e-02 1.147896e-06 245.95139288902283 83256.28289985657
340 8.663789e-02 4.420976e-02 0.000000e+00 4.242813e-02 1.147896e-06 250.1623044013977 83506.48297643661
341 8.702224e-02 4.459445e-02 0.000000e+00 4.242779e-02 1.147896e-06 246.4940230846405 83753.0178861618
342 8.618451e-02 4.375657e-02 0.000000e+00 4.242794e-02 1.090509e-06 247.75995993614197 84000.814214468
343 8.651651e-02 4.408882e-02 0.000000e+00 4.242768e-02 1.090509e-06 245.91365385055542 84246.77363085747
344 8.661306e-02 4.418531e-02 0.000000e+00 4.242774e-02 1.035990e-06 250.55176162719727 84497.3608174324
345 8.621846e-02 4.379072e-02 0.000000e+00 4.242774e-02 1.035990e-06 244.44476222991943 84741.84217119217
346 8.620004e-02 4.377244e-02 0.000000e+00 4.242760e-02 1.035990e-06 246.10121774673462 84987.9793434143
347 8.636434e-02 4.393700e-02 0.000000e+00 4.242734e-02 9.841976e-07 243.5750229358673 85231.5926246643
348 8.630027e-02 4.387287e-02 0.000000e+00 4.242740e-02 9.841976e-07 246.48187065124512 85478.1110804081
349 8.629990e-02 4.387257e-02 0.000000e+00 4.242733e-02 9.841976e-07 242.35485291481018 85720.50094437599
350 8.606906e-02 4.364171e-02 0.000000e+00 4.242735e-02 9.349940e-07 247.3966236114502 85967.93524718285
351 8.605563e-02 4.362850e-02 0.000000e+00 4.242713e-02 9.349940e-07 243.4416048526764 86211.42577123642
352 8.624001e-02 4.381285e-02 0.000000e+00 4.242717e-02 9.349940e-07 246.5419578552246 86458.01352858543
353 8.574109e-02 4.331392e-02 0.000000e+00 4.242717e-02 8.882503e-07 247.15000677108765 86705.20084643364
354 8.581316e-02 4.338618e-02 0.000000e+00 4.242698e-02 8.882503e-07 246.7271602153778 86951.96692347527
355 8.591099e-02 4.348395e-02 0.000000e+00 4.242704e-02 8.438435e-07 244.6468997001648 87196.6524617672
356 8.588331e-02 4.345631e-02 0.000000e+00 4.242700e-02 8.438435e-07 246.20688247680664 87442.9127767086
357 8.576382e-02 4.333690e-02 0.000000e+00 4.242692e-02 8.438435e-07 242.52793526649475 87685.47678136826
358 8.586106e-02 4.343417e-02 0.000000e+00 4.242689e-02 8.016567e-07 246.4978380203247 87932.01744961739
359 8.558190e-02 4.315495e-02 0.000000e+00 4.242694e-02 8.016567e-07 245.16630601882935 88177.22489619255
360 8.523520e-02 4.280832e-02 0.000000e+00 4.242689e-02 8.016567e-07 249.07934880256653 88426.34842157364
361 8.539393e-02 4.296707e-02 0.000000e+00 4.242686e-02 7.615790e-07 245.85923981666565 88672.25098991394
362 8.553090e-02 4.310418e-02 0.000000e+00 4.242672e-02 7.615790e-07 245.00512671470642 88917.29112529755
363 8.544022e-02 4.301358e-02 0.000000e+00 4.242664e-02 7.615790e-07 243.61910152435303 89160.94527101517
364 8.535122e-02 4.292445e-02 0.000000e+00 4.242677e-02 7.235050e-07 247.49641132354736 89408.48304367065
365 8.541372e-02 4.298711e-02 0.000000e+00 4.242661e-02 7.235050e-07 244.87067699432373 89653.39171051979
366 8.518632e-02 4.275984e-02 0.000000e+00 4.242648e-02 7.235050e-07 246.62458992004395 89900.05116915703
367 8.530689e-02 4.288020e-02 0.000000e+00 4.242670e-02 6.873344e-07 243.5992772579193 90143.69767808914
368 8.526687e-02 4.284021e-02 0.000000e+00 4.242666e-02 6.873344e-07 246.16961121559143 90389.90210342407
369 8.528839e-02 4.286190e-02 0.000000e+00 4.242649e-02 6.529720e-07 244.84459614753723 90634.77648377419
370 8.508553e-02 4.265894e-02 0.000000e+00 4.242658e-02 6.529720e-07 246.91513466835022 90881.72718811035
371 8.518702e-02 4.276051e-02 0.000000e+00 4.242652e-02 6.529720e-07 244.74453854560852 91126.54374217987
372 8.508254e-02 4.265600e-02 0.000000e+00 4.242654e-02 6.203276e-07 246.14951419830322 91372.7335369587
373 8.500415e-02 4.257767e-02 0.000000e+00 4.242648e-02 6.203276e-07 244.94308519363403 91617.72327566147
374 8.482288e-02 4.239633e-02 0.000000e+00 4.242655e-02 6.203276e-07 247.25518608093262 91865.02219176292
375 8.521902e-02 4.279256e-02 0.000000e+00 4.242645e-02 5.893152e-07 243.52603220939636 92108.59663200378
376 8.500004e-02 4.257348e-02 0.000000e+00 4.242656e-02 5.893152e-07 249.54370856285095 92358.18130111694
377 8.497977e-02 4.255334e-02 0.000000e+00 4.242643e-02 5.893152e-07 244.36051297187805 92602.57905316353
378 8.493173e-02 4.250530e-02 0.000000e+00 4.242642e-02 5.598532e-07 252.27931118011475 92854.89792704582
379 8.489680e-02 4.247029e-02 0.000000e+00 4.242651e-02 5.598532e-07 246.52437710762024 93101.46270608902
380 8.474880e-02 4.232229e-02 0.000000e+00 4.242651e-02 5.318642e-07 251.57162928581238 93353.07119321823
381 8.473018e-02 4.230366e-02 0.000000e+00 4.242652e-02 5.318642e-07 252.33478140830994 93605.45150589943
382 8.485762e-02 4.243123e-02 0.000000e+00 4.242639e-02 5.318642e-07 246.77652287483215 93852.26573324203
383 8.471670e-02 4.229035e-02 0.000000e+00 4.242635e-02 5.052744e-07 244.42598485946655 94096.7287428379
384 8.464826e-02 4.222177e-02 0.000000e+00 4.242649e-02 5.052744e-07 247.32176971435547 94344.09552073479
385 8.457628e-02 4.214979e-02 0.000000e+00 4.242649e-02 5.052744e-07 244.46187448501587 94588.60363721848
386 8.481610e-02 4.238965e-02 0.000000e+00 4.242644e-02 4.800139e-07 246.35498118400574 94835.00404071808
387 8.460237e-02 4.217593e-02 0.000000e+00 4.242644e-02 4.800139e-07 241.94776582717896 95076.98789978027
388 8.442830e-02 4.200181e-02 0.000000e+00 4.242649e-02 4.800139e-07 248.02507638931274 95325.07490134239
389 8.442622e-02 4.199981e-02 0.000000e+00 4.242641e-02 4.560163e-07 244.7024073600769 95569.82501220703
390 8.438598e-02 4.195960e-02 0.000000e+00 4.242638e-02 4.560163e-07 247.18275237083435 95817.05498147011
391 8.454087e-02 4.211448e-02 0.000000e+00 4.242639e-02 4.332184e-07 242.19202494621277 96059.29399728775
392 8.443717e-02 4.201061e-02 0.000000e+00 4.242656e-02 4.332184e-07 247.71171927452087 96307.04328775406
393 8.442968e-02 4.200308e-02 0.000000e+00 4.242660e-02 4.332184e-07 243.33130550384521 96550.41079926491
394 8.421580e-02 4.178923e-02 0.000000e+00 4.242657e-02 4.115602e-07 249.68383049964905 96800.135825634
395 8.434195e-02 4.191537e-02 0.000000e+00 4.242658e-02 4.115602e-07 247.01018738746643 97047.19094777107
396 8.448276e-02 4.205626e-02 0.000000e+00 4.242650e-02 4.115602e-07 245.8673551082611 97293.12735939026
397 8.424135e-02 4.181476e-02 0.000000e+00 4.242659e-02 3.909849e-07 242.8389618396759 97536.00335860252
398 8.421218e-02 4.178567e-02 0.000000e+00 4.242650e-02 3.909849e-07 248.1250262260437 97784.16581463814
399 8.408736e-02 4.166076e-02 0.000000e+00 4.242660e-02 3.909849e-07 250.87456727027893 98035.0899400711
400 8.411986e-02 4.169329e-02 0.000000e+00 4.242657e-02 3.714381e-07 266.26689314842224 98301.40341162682
401 8.410622e-02 4.167968e-02 0.000000e+00 4.242653e-02 3.714381e-07 242.03069376945496 98543.47159695625
402 8.392245e-02 4.149586e-02 0.000000e+00 4.242660e-02 3.714381e-07 245.21070456504822 98788.72005653381
403 8.409476e-02 4.166812e-02 0.000000e+00 4.242665e-02 3.528686e-07 242.99202013015747 99031.75955891609
404 8.403474e-02 4.160811e-02 0.000000e+00 4.242662e-02 3.528686e-07 246.92396903038025 99278.71293401718
405 8.413146e-02 4.170492e-02 0.000000e+00 4.242654e-02 3.352274e-07 242.59432864189148 99521.34504842758
406 8.401024e-02 4.158358e-02 0.000000e+00 4.242666e-02 3.352274e-07 246.41922426223755 99767.80464577675
407 8.401425e-02 4.158767e-02 0.000000e+00 4.242658e-02 3.352274e-07 242.15362095832825 100010.00022125244
408 8.395395e-02 4.152728e-02 0.000000e+00 4.242667e-02 3.184682e-07 243.53201532363892 100253.57261133194
409 8.410314e-02 4.167648e-02 0.000000e+00 4.242666e-02 3.184682e-07 242.9248251914978 100496.5266559124
410 8.393089e-02 4.150416e-02 0.000000e+00 4.242673e-02 3.184682e-07 246.10385298728943 100742.66981315613
411 8.402481e-02 4.159813e-02 0.000000e+00 4.242668e-02 3.025468e-07 241.64546704292297 100984.35287618637
412 8.375090e-02 4.132407e-02 0.000000e+00 4.242683e-02 3.025468e-07 243.45961022377014 101227.84908032417
413 8.386994e-02 4.144316e-02 0.000000e+00 4.242678e-02 3.025468e-07 245.4648027420044 101473.36235356331
414 8.374209e-02 4.131530e-02 0.000000e+00 4.242679e-02 2.874214e-07 250.08215522766113 101723.48091769218
415 8.365232e-02 4.122551e-02 0.000000e+00 4.242681e-02 2.874214e-07 239.9153869152069 101963.444699049
416 8.377895e-02 4.135210e-02 0.000000e+00 4.242685e-02 2.730522e-07 244.4209635257721 102207.91107988358
417 8.360435e-02 4.117755e-02 0.000000e+00 4.242680e-02 2.730522e-07 242.24277186393738 102450.19248604774
418 8.367286e-02 4.124586e-02 0.000000e+00 4.242700e-02 2.730522e-07 245.04419922828674 102695.2864086628
419 8.367271e-02 4.124581e-02 0.000000e+00 4.242691e-02 2.594013e-07 241.90717029571533 102937.23142933846
420 8.365022e-02 4.122332e-02 0.000000e+00 4.242690e-02 2.594013e-07 244.8421127796173 103182.11040496826
421 8.362802e-02 4.120105e-02 0.000000e+00 4.242697e-02 2.594013e-07 243.69396233558655 103425.84411787987
422 8.358152e-02 4.115459e-02 0.000000e+00 4.242693e-02 2.464329e-07 245.59749054908752 103671.47205853462
423 8.365164e-02 4.122467e-02 0.000000e+00 4.242697e-02 2.464329e-07 245.0643310546875 103916.5780043602
424 8.352341e-02 4.109638e-02 0.000000e+00 4.242703e-02 2.464329e-07 244.84351778030396 104161.45820188522
425 8.360558e-02 4.117861e-02 0.000000e+00 4.242697e-02 2.341129e-07 242.8087136745453 104404.3117775917
426 8.366449e-02 4.123738e-02 0.000000e+00 4.242711e-02 2.341129e-07 245.10467505455017 104649.45180606842
427 8.357991e-02 4.115291e-02 0.000000e+00 4.242700e-02 2.341129e-07 240.56212782859802 104890.05118584633
428 8.348420e-02 4.105710e-02 0.000000e+00 4.242710e-02 2.224087e-07 244.92333722114563 105135.01314425468
429 8.366108e-02 4.123400e-02 0.000000e+00 4.242708e-02 2.224087e-07 242.4336371421814 105377.49778914452
430 8.356319e-02 4.113605e-02 0.000000e+00 4.242714e-02 2.112897e-07 246.06332087516785 105623.59790587425
431 8.338469e-02 4.095753e-02 0.000000e+00 4.242717e-02 2.112897e-07 245.00985145568848 105868.64415669441
432 8.345184e-02 4.102472e-02 0.000000e+00 4.242711e-02 2.112897e-07 245.5525074005127 106114.24509859085
433 8.349743e-02 4.107015e-02 0.000000e+00 4.242728e-02 2.007266e-07 241.52232909202576 106355.80413413048
434 8.351267e-02 4.108546e-02 0.000000e+00 4.242722e-02 2.007266e-07 244.15201473236084 106599.9961540699
435 8.339049e-02 4.096329e-02 0.000000e+00 4.242720e-02 2.007266e-07 242.82758808135986 106842.86233472824
436 8.334202e-02 4.091465e-02 0.000000e+00 4.242737e-02 1.906915e-07 243.46043467521667 107086.3602232933
437 8.339838e-02 4.097116e-02 0.000000e+00 4.242722e-02 1.906915e-07 241.70797085762024 107328.11713576317
438 8.326991e-02 4.084253e-02 0.000000e+00 4.242738e-02 1.906915e-07 248.94791460037231 107577.10176467896
439 8.338491e-02 4.095753e-02 0.000000e+00 4.242738e-02 1.811582e-07 240.5647532939911 107817.71171712875
440 8.331696e-02 4.088962e-02 0.000000e+00 4.242734e-02 1.811582e-07 242.92960786819458 108060.67769813538
441 8.342924e-02 4.100192e-02 0.000000e+00 4.242732e-02 1.721014e-07 239.70713686943054 108300.42251372337
442 8.319143e-02 4.076403e-02 0.000000e+00 4.242739e-02 1.721014e-07 241.79444551467896 108542.25323653221
443 8.318737e-02 4.076002e-02 0.000000e+00 4.242735e-02 1.721014e-07 248.24512839317322 108790.54510641098
444 8.328807e-02 4.086064e-02 0.000000e+00 4.242743e-02 1.634975e-07 246.4872808456421 109037.07874584198
445 8.327046e-02 4.084303e-02 0.000000e+00 4.242743e-02 1.634975e-07 241.89652252197266 109279.00956130028
446 8.324076e-02 4.081336e-02 0.000000e+00 4.242740e-02 1.634975e-07 244.81265258789062 109523.86042428017
447 8.331933e-02 4.089186e-02 0.000000e+00 4.242748e-02 1.553236e-07 242.08244156837463 109765.98130202293
448 8.328386e-02 4.085635e-02 0.000000e+00 4.242751e-02 1.553236e-07 244.92384672164917 110010.94253325462
449 8.320636e-02 4.077877e-02 0.000000e+00 4.242759e-02 1.553236e-07 241.08881068229675 110252.0696644783
450 8.315271e-02 4.072519e-02 0.000000e+00 4.242752e-02 1.475585e-07 246.72852540016174 110498.8364906311
451 8.319940e-02 4.077181e-02 0.000000e+00 4.242758e-02 1.475585e-07 240.76182866096497 110739.6444542408
452 8.310683e-02 4.067927e-02 0.000000e+00 4.242756e-02 1.475585e-07 243.79824781417847 110983.47868084908
453 8.303505e-02 4.060740e-02 0.000000e+00 4.242765e-02 1.401815e-07 242.58853554725647 111226.11205673218
454 8.307019e-02 4.064254e-02 0.000000e+00 4.242765e-02 1.401815e-07 248.42642903327942 111474.58531284332
455 8.301402e-02 4.058636e-02 0.000000e+00 4.242766e-02 1.331733e-07 241.5757873058319 111716.19834446907
456 8.309881e-02 4.067117e-02 0.000000e+00 4.242764e-02 1.331733e-07 244.50784492492676 111960.75122690201
457 8.298754e-02 4.055974e-02 0.000000e+00 4.242780e-02 1.331733e-07 242.53197288513184 112203.3217227459
458 8.306985e-02 4.064219e-02 0.000000e+00 4.242766e-02 1.265155e-07 248.29237341880798 112451.68302130699
459 8.308316e-02 4.065541e-02 0.000000e+00 4.242775e-02 1.265155e-07 241.94111442565918 112693.68460845947
460 8.302467e-02 4.059691e-02 0.000000e+00 4.242776e-02 1.265155e-07 247.31775212287903 112941.04088401794
461 8.299933e-02 4.057150e-02 0.000000e+00 4.242783e-02 1.201905e-07 241.51526641845703 113182.59263086319
462 8.291127e-02 4.048352e-02 0.000000e+00 4.242775e-02 1.201905e-07 243.57162404060364 113426.19981884956
463 8.291817e-02 4.049035e-02 0.000000e+00 4.242783e-02 1.201905e-07 242.64908456802368 113668.89333343506
464 8.297553e-02 4.054767e-02 0.000000e+00 4.242786e-02 1.141818e-07 247.88987755775452 113916.82034540176
465 8.296558e-02 4.053773e-02 0.000000e+00 4.242785e-02 1.141818e-07 243.99477863311768 114160.88120937347
466 8.294442e-02 4.051660e-02 0.000000e+00 4.242783e-02 1.084734e-07 244.43229508399963 114405.35450553894
467 8.294498e-02 4.051710e-02 0.000000e+00 4.242787e-02 1.084734e-07 241.48965096473694 114646.88133859634
468 8.283301e-02 4.040509e-02 0.000000e+00 4.242791e-02 1.084734e-07 248.1519320011139 114895.07130503654
469 8.291671e-02 4.048874e-02 0.000000e+00 4.242797e-02 1.030504e-07 243.91512823104858 115139.03563308716
470 8.295556e-02 4.052765e-02 0.000000e+00 4.242791e-02 1.030504e-07 248.25863456726074 115387.32915139198
471 8.291545e-02 4.048754e-02 0.000000e+00 4.242791e-02 1.030504e-07 246.93132543563843 115634.29913854599
472 8.283052e-02 4.040254e-02 0.000000e+00 4.242799e-02 9.789858e-08 250.6846776008606 115885.02104878426
473 8.287523e-02 4.044720e-02 0.000000e+00 4.242803e-02 9.789858e-08 243.05701994895935 116128.12259984016
474 8.279820e-02 4.037020e-02 0.000000e+00 4.242800e-02 9.789858e-08 244.73444080352783 116372.89248895645
475 8.282568e-02 4.039756e-02 0.000000e+00 4.242813e-02 9.300428e-08 241.93438029289246 116614.87042927742
476 8.280553e-02 4.037754e-02 0.000000e+00 4.242798e-02 9.300428e-08 247.28423714637756 116862.19184088707
477 8.283447e-02 4.040649e-02 0.000000e+00 4.242798e-02 9.300428e-08 241.78361296653748 117104.01173305511
478 8.277839e-02 4.035023e-02 0.000000e+00 4.242816e-02 8.835466e-08 247.8830120563507 117351.93141102791
479 8.278271e-02 4.035454e-02 0.000000e+00 4.242818e-02 8.835466e-08 242.76146173477173 117594.7362704277
480 8.277307e-02 4.034490e-02 0.000000e+00 4.242817e-02 8.393750e-08 245.453510761261 117840.22898387909
481 8.279889e-02 4.037083e-02 0.000000e+00 4.242807e-02 8.393750e-08 242.63460779190063 118082.91051197052
482 8.275793e-02 4.032995e-02 0.000000e+00 4.242798e-02 8.393750e-08 243.7763876914978 118326.7261235714
483 8.279059e-02 4.036238e-02 0.000000e+00 4.242820e-02 7.974116e-08 243.5862443447113 118570.35481405258
484 8.269917e-02 4.027102e-02 0.000000e+00 4.242815e-02 7.974116e-08 246.14905428886414 118816.54286170006
485 8.281495e-02 4.038677e-02 0.000000e+00 4.242818e-02 7.974116e-08 241.52381563186646 119058.11107110977
486 8.269773e-02 4.026949e-02 0.000000e+00 4.242824e-02 7.575461e-08 244.92157530784607 119303.07027840614
487 8.264693e-02 4.021862e-02 0.000000e+00 4.242831e-02 7.575461e-08 243.96615386009216 119547.08477401733
488 8.267279e-02 4.024449e-02 0.000000e+00 4.242830e-02 7.575461e-08 249.45089507102966 119796.58415198326
489 8.272538e-02 4.029723e-02 0.000000e+00 4.242815e-02 7.196737e-08 241.76132154464722 120038.3842074871
490 8.268924e-02 4.026092e-02 0.000000e+00 4.242833e-02 7.196737e-08 243.77102994918823 120282.1912894249
491 8.262888e-02 4.020060e-02 0.000000e+00 4.242828e-02 6.836946e-08 239.3064501285553 120521.53412723541
492 8.267507e-02 4.024680e-02 0.000000e+00 4.242827e-02 6.836946e-08 244.49247574806213 120766.07050919533
493 8.270731e-02 4.027899e-02 0.000000e+00 4.242831e-02 6.836946e-08 241.9191379547119 121008.02845191956
494 8.265311e-02 4.022487e-02 0.000000e+00 4.242825e-02 6.495143e-08 249.07280778884888 121257.14146399498
495 8.265811e-02 4.022964e-02 0.000000e+00 4.242847e-02 6.495143e-08 242.5434124469757 121499.72268867493
496 8.264559e-02 4.021734e-02 0.000000e+00 4.242825e-02 6.495143e-08 244.5345425605774 121744.29815220833
497 8.267441e-02 4.024605e-02 0.000000e+00 4.242836e-02 6.170427e-08 245.7581431865692 121990.09408664703
498 8.258643e-02 4.015816e-02 0.000000e+00 4.242827e-02 6.170427e-08 246.28046131134033 122236.41028237343
499 8.262978e-02 4.020127e-02 0.000000e+00 4.242851e-02 6.170427e-08 240.91723465919495 122477.36455655098
500 8.263710e-02 4.020873e-02 0.000000e+00 4.242837e-02 5.861945e-08 247.6000154018402 122725.00257921219
501 8.258873e-02 4.016027e-02 0.000000e+00 4.242846e-02 5.861945e-08 239.92359280586243 122964.96177244186
502 8.260977e-02 4.018136e-02 0.000000e+00 4.242840e-02 5.568886e-08 244.3133385181427 123209.31309199333
503 8.261409e-02 4.018574e-02 0.000000e+00 4.242835e-02 5.568886e-08 245.32134771347046 123454.66962170601
504 8.262145e-02 4.019295e-02 0.000000e+00 4.242850e-02 5.568886e-08 245.20459628105164 123699.91096687317
505 8.254884e-02 4.012050e-02 0.000000e+00 4.242834e-02 5.290477e-08 247.41270995140076 123947.36261796951
506 8.257924e-02 4.015068e-02 0.000000e+00 4.242857e-02 5.290477e-08 245.52396869659424 124192.93108654022
507 8.253429e-02 4.010584e-02 0.000000e+00 4.242845e-02 5.290477e-08 240.9546492099762 124433.92447853088
508 8.258427e-02 4.015572e-02 0.000000e+00 4.242855e-02 5.025987e-08 243.74384355545044 124677.71461224556
509 8.260665e-02 4.017831e-02 0.000000e+00 4.242834e-02 5.025987e-08 241.7442729473114 124919.49608969688
510 8.256252e-02 4.013388e-02 0.000000e+00 4.242864e-02 5.025987e-08 245.7174596786499 125165.25154852867
511 8.252462e-02 4.009605e-02 0.000000e+00 4.242857e-02 4.774720e-08 240.66290163993835 125405.94446086884
512 8.257988e-02 4.015145e-02 0.000000e+00 4.242842e-02 4.774720e-08 244.70645093917847 125650.69892907143
513 8.251093e-02 4.008221e-02 0.000000e+00 4.242872e-02 4.774720e-08 243.1159098148346 125893.85495519638
514 8.254331e-02 4.011476e-02 0.000000e+00 4.242855e-02 4.536015e-08 243.9195671081543 126137.81847763062
515 8.250649e-02 4.007801e-02 0.000000e+00 4.242848e-02 4.536015e-08 240.75675344467163 126378.61241388321
516 8.248474e-02 4.005608e-02 0.000000e+00 4.242865e-02 4.309243e-08 247.5254991054535 126626.18366742134
517 8.252332e-02 4.009466e-02 0.000000e+00 4.242866e-02 4.309243e-08 243.66922664642334 126869.9031996727
518 8.250563e-02 4.007715e-02 0.000000e+00 4.242848e-02 4.309243e-08 246.1595814228058 127116.10098528862
519 8.251985e-02 4.009111e-02 0.000000e+00 4.242874e-02 4.093808e-08 245.21015214920044 127361.34907102585
520 8.249329e-02 4.006468e-02 0.000000e+00 4.242860e-02 4.093808e-08 245.90465998649597 127607.2944662571
521 8.250940e-02 4.008091e-02 0.000000e+00 4.242849e-02 4.093808e-08 243.44855856895447 127850.781083107
522 8.250244e-02 4.007376e-02 0.000000e+00 4.242868e-02 3.889144e-08 242.4215760231018 128093.23959374428
523 8.249296e-02 4.006424e-02 0.000000e+00 4.242873e-02 3.889144e-08 242.55407810211182 128335.82904076576
524 8.247131e-02 4.004273e-02 0.000000e+00 4.242858e-02 3.889144e-08 244.00437331199646 128579.87075805664
525 8.247043e-02 4.004177e-02 0.000000e+00 4.242866e-02 3.694712e-08 239.37613224983215 128819.29248905182
526 8.246051e-02 4.003184e-02 0.000000e+00 4.242868e-02 3.694712e-08 241.95518589019775 129061.29302382469
527 8.240195e-02 3.997325e-02 0.000000e+00 4.242869e-02 3.510000e-08 238.76754593849182 129300.10457539558
528 8.246566e-02 4.003697e-02 0.000000e+00 4.242869e-02 3.510000e-08 240.55406737327576 129540.70165634155
529 8.243981e-02 4.001103e-02 0.000000e+00 4.242878e-02 3.510000e-08 242.83240246772766 129783.57356452942
530 8.251282e-02 4.008425e-02 0.000000e+00 4.242857e-02 3.334522e-08 245.47278428077698 130029.0861196518
531 8.247895e-02 4.005019e-02 0.000000e+00 4.242877e-02 3.334522e-08 242.6657874584198 130271.7917869091
532 8.242889e-02 4.000025e-02 0.000000e+00 4.242864e-02 3.334522e-08 244.39122891426086 130516.21934914589
533 8.244191e-02 4.001310e-02 0.000000e+00 4.242881e-02 3.167818e-08 238.94443774223328 130755.2014670372
534 8.244917e-02 4.002050e-02 0.000000e+00 4.242867e-02 3.167818e-08 244.0552179813385 130999.29750084877
535 8.245587e-02 4.002707e-02 0.000000e+00 4.242880e-02 3.167818e-08 241.88776683807373 131241.221773386
536 8.241732e-02 3.998857e-02 0.000000e+00 4.242875e-02 3.009447e-08 244.20824718475342 131485.46727085114
537 8.241991e-02 3.999122e-02 0.000000e+00 4.242870e-02 3.009447e-08 240.9567801952362 131726.4607064724
538 8.242127e-02 3.999251e-02 0.000000e+00 4.242876e-02 3.009447e-08 242.93467497825623 131969.43118047714
539 8.239703e-02 3.996829e-02 0.000000e+00 4.242874e-02 2.858994e-08 240.7475781440735 132210.21539592743
