epoch	 loss	 RMSE_Etot	 RMSE_Ei	 RMSE_F	 real_lr	 epoch_time	 wall_time
1 8.540361e+00 8.373546e+00 3.543230e-01 1.668154e-01 1.000000e-03 81.770432472229 81.78490686416626
2 1.682844e+00 1.619413e+00 2.395105e-01 6.343042e-02 1.000000e-03 51.802581548690796 133.74571132659912
3 1.423219e+00 1.368649e+00 2.392071e-01 5.457046e-02 1.000000e-03 48.79616904258728 182.5814390182495
4 3.594599e+00 3.542335e+00 2.602338e-01 5.226390e-02 1.000000e-03 48.646830320358276 231.26912331581116
5 1.035090e+00 9.840095e-01 2.366287e-01 5.108016e-02 1.000000e-03 47.95630884170532 279.2537417411804
6 8.424664e-01 7.918052e-01 2.338894e-01 5.066124e-02 1.000000e-03 47.995508432388306 327.28786444664
7 7.914144e-01 7.413029e-01 2.322949e-01 5.011151e-02 1.000000e-03 48.437498569488525 375.76540303230286
8 7.878707e-01 7.380426e-01 2.309695e-01 4.982806e-02 1.000000e-03 48.34382963180542 424.1514480113983
9 7.658603e-01 7.166091e-01 2.294499e-01 4.925115e-02 1.000000e-03 49.1742000579834 473.3580973148346
10 7.655604e-01 7.165814e-01 2.283958e-01 4.897899e-02 1.000000e-03 49.42394304275513 522.8244280815125
11 7.636069e-01 7.149105e-01 2.274525e-01 4.869642e-02 1.000000e-03 49.16758990287781 572.0325925350189
12 7.648857e-01 7.163428e-01 2.266743e-01 4.854292e-02 1.000000e-03 48.75150799751282 620.8245611190796
13 7.661217e-01 7.177582e-01 2.258534e-01 4.836357e-02 1.000000e-03 49.29666042327881 670.1524846553802
14 7.650049e-01 7.167586e-01 2.253890e-01 4.824629e-02 1.000000e-03 49.426271200180054 719.608160495758
15 7.648570e-01 7.166648e-01 2.247714e-01 4.819217e-02 1.000000e-03 49.12897515296936 768.76615858078
16 7.641038e-01 7.159750e-01 2.240139e-01 4.812876e-02 1.000000e-03 49.23848843574524 818.0341529846191
17 7.644275e-01 7.165166e-01 2.235395e-01 4.791089e-02 1.000000e-03 49.24103856086731 867.3071432113647
18 7.633898e-01 7.156210e-01 2.231258e-01 4.776880e-02 1.000000e-03 49.076096534729004 916.4122083187103
19 7.626532e-01 7.149463e-01 2.225640e-01 4.770693e-02 1.000000e-03 48.546578884124756 965.0014860630035
20 7.634345e-01 7.158290e-01 2.221421e-01 4.760543e-02 1.000000e-03 49.24454426765442 1014.2874608039856
21 7.811611e-01 7.267751e-01 2.216744e-01 5.438596e-02 1.000000e-03 48.4301872253418 1062.7474822998047
22 7.630402e-01 7.154630e-01 2.214849e-01 4.757728e-02 1.000000e-03 49.23013687133789 1112.006195306778
23 7.628060e-01 7.152831e-01 2.211310e-01 4.752294e-02 1.000000e-03 48.15587496757507 1160.1946165561676
24 7.620277e-01 7.146295e-01 2.209648e-01 4.739811e-02 1.000000e-03 49.32054805755615 1209.5436725616455
25 7.611029e-01 7.138350e-01 2.207951e-01 4.726788e-02 1.000000e-03 48.77327370643616 1258.3586311340332
26 7.614266e-01 7.141936e-01 2.206089e-01 4.723294e-02 1.000000e-03 47.93644309043884 1306.3360531330109
27 7.606651e-01 7.134330e-01 2.202804e-01 4.723210e-02 1.000000e-03 48.94381284713745 1355.3034086227417
28 8.136961e-01 7.662937e-01 2.202677e-01 4.740244e-02 1.000000e-03 48.90341591835022 1404.2464566230774
29 7.601822e-01 7.131490e-01 2.197525e-01 4.703324e-02 1.000000e-03 49.21769309043884 1453.491942167282
30 7.594355e-01 7.124237e-01 2.196644e-01 4.701177e-02 1.000000e-03 49.067617893218994 1502.5978083610535
31 7.588397e-01 7.118967e-01 2.195646e-01 4.694309e-02 1.000000e-03 49.157408475875854 1551.799464225769
32 7.585979e-01 7.117100e-01 2.193624e-01 4.688790e-02 1.000000e-03 49.038177728652954 1600.8832111358643
33 7.587140e-01 7.118257e-01 2.193311e-01 4.688822e-02 1.000000e-03 47.969619035720825 1648.8974130153656
34 7.580590e-01 7.111932e-01 2.191634e-01 4.686577e-02 1.000000e-03 47.99226117134094 1696.920913696289
35 7.583059e-01 7.097870e-01 2.190501e-01 4.851885e-02 1.000000e-03 48.92038655281067 1745.8824574947357
36 7.559105e-01 7.089951e-01 2.188699e-01 4.691545e-02 1.000000e-03 47.65223479270935 1793.5675184726715
37 7.556469e-01 7.088114e-01 2.186167e-01 4.683548e-02 1.000000e-03 48.93645524978638 1842.5465865135193
38 7.553902e-01 7.085552e-01 2.186128e-01 4.683502e-02 1.000000e-03 49.329357624053955 1891.9173181056976
39 7.551803e-01 7.083813e-01 2.183366e-01 4.679901e-02 1.000000e-03 49.48911094665527 1941.4457461833954
40 7.542524e-01 7.074222e-01 2.181988e-01 4.683021e-02 1.000000e-03 49.55911922454834 1991.0435116291046
41 7.543232e-01 7.075596e-01 2.181157e-01 4.676363e-02 1.000000e-03 49.0435516834259 2040.1254739761353
42 7.532825e-01 7.065404e-01 2.181312e-01 4.674214e-02 1.000000e-03 48.94193458557129 2089.096051454544
43 7.527652e-01 7.059838e-01 2.181255e-01 4.678132e-02 1.000000e-03 49.2938346862793 2138.4281194210052
44 7.527698e-01 7.060185e-01 2.178781e-01 4.675128e-02 1.000000e-03 48.909809827804565 2187.378148794174
45 7.517272e-01 7.049217e-01 2.177825e-01 4.680552e-02 1.000000e-03 49.1689019203186 2236.5744829177856
46 7.509722e-01 7.041406e-01 2.176800e-01 4.683163e-02 1.000000e-03 49.23513984680176 2285.849273920059
47 7.500432e-01 7.031988e-01 2.176387e-01 4.684440e-02 1.000000e-03 48.70394229888916 2334.593521118164
48 7.490047e-01 7.021478e-01 2.175653e-01 4.685687e-02 1.000000e-03 48.904000759124756 2383.5353307724
49 7.488990e-01 7.020574e-01 2.174638e-01 4.684161e-02 1.000000e-03 49.23387837409973 2432.819508075714
50 7.478788e-01 7.010182e-01 2.175122e-01 4.686067e-02 1.000000e-03 48.80842685699463 2481.666711330414
51 7.478896e-01 7.010692e-01 2.174565e-01 4.682035e-02 1.000000e-03 48.78013324737549 2530.486342191696
52 7.463408e-01 6.994676e-01 2.173075e-01 4.687315e-02 1.000000e-03 48.679667472839355 2579.1978499889374
53 7.445329e-01 6.976686e-01 2.172288e-01 4.686436e-02 1.000000e-03 49.29013442993164 2628.5301928520203
54 7.425817e-01 6.956351e-01 2.172497e-01 4.694659e-02 1.000000e-03 48.58804225921631 2677.1597945690155
55 7.406195e-01 6.936580e-01 2.171952e-01 4.696153e-02 1.000000e-03 47.92557716369629 2725.123557806015
56 7.383040e-01 6.912845e-01 2.171639e-01 4.701948e-02 1.000000e-03 48.06524300575256 2773.226700782776
57 7.366562e-01 6.891270e-01 2.170800e-01 4.752916e-02 1.000000e-03 48.8273241519928 2822.093565225601
58 7.262110e-01 6.788384e-01 2.170243e-01 4.737266e-02 1.000000e-03 48.917768239974976 2871.0504808425903
59 6.990468e-01 6.506502e-01 2.174995e-01 4.839665e-02 1.000000e-03 48.179988384246826 2919.2693638801575
60 6.551236e-01 5.996038e-01 2.190509e-01 5.551975e-02 1.000000e-03 48.4961462020874 2967.805276155472
