epoch	 loss	 RMSE_Etot	 RMSE_Ei	 RMSE_F	 real_lr	 epoch_time	 wall_time
1 7.090252e+00 6.910965e+00 0.000000e+00 1.792871e-01 9.500064e-04 816.6697990894318 816.7009489536285
2 4.172516e+00 4.075298e+00 0.000000e+00 9.721766e-02 8.573924e-04 824.6003074645996 1641.5261898040771
3 2.647171e+00 2.560271e+00 0.000000e+00 8.689980e-02 8.145282e-04 809.7260890007019 2451.3143026828766
4 2.283929e+00 2.202346e+00 0.000000e+00 8.158326e-02 7.351217e-04 775.2289462089539 3226.6037137508392
5 2.009337e+00 1.930239e+00 0.000000e+00 7.909828e-02 6.634562e-04 780.3945136070251 4007.0636510849
6 1.784510e+00 1.707965e+00 0.000000e+00 7.654564e-02 6.302877e-04 785.4582335948944 4792.579213380814
7 1.604319e+00 1.530257e+00 0.000000e+00 7.406226e-02 5.688423e-04 784.4074721336365 5577.05184006691
8 1.474958e+00 1.402817e+00 0.000000e+00 7.214072e-02 5.133871e-04 787.9327619075775 6365.047392368317
9 1.373326e+00 1.302388e+00 0.000000e+00 7.093732e-02 4.877210e-04 783.8735177516937 7148.985823392868
10 1.243353e+00 1.173580e+00 0.000000e+00 6.977295e-02 4.401742e-04 784.5258107185364 7933.575896978378
11 1.158957e+00 1.090030e+00 0.000000e+00 6.892649e-02 3.972626e-04 789.1156520843506 8722.755168914795
12 9.947260e-01 9.265566e-01 0.000000e+00 6.816939e-02 3.774020e-04 786.0651450157166 9508.885494470596
13 9.037331e-01 8.362877e-01 0.000000e+00 6.744535e-02 3.406099e-04 782.4333026409149 10291.384734392166
14 8.313003e-01 7.644606e-01 0.000000e+00 6.683971e-02 3.235816e-04 782.750349521637 11074.199445009232
15 7.379052e-01 6.716453e-01 0.000000e+00 6.625995e-02 2.920363e-04 779.7281882762909 11853.991541147232
16 6.352311e-01 5.695210e-01 0.000000e+00 6.571008e-02 2.635663e-04 782.9279096126556 12636.986670970917
17 5.913355e-01 5.260552e-01 0.000000e+00 6.528035e-02 2.503897e-04 782.6635918617249 13419.718624830246
18 5.213566e-01 4.565122e-01 0.000000e+00 6.484445e-02 2.259798e-04 788.1018335819244 14207.88562965393
19 4.469327e-01 3.824032e-01 0.000000e+00 6.452955e-02 2.039495e-04 786.3092956542969 14994.261255979538
20 4.086382e-01 3.443898e-01 0.000000e+00 6.424841e-02 1.937533e-04 781.8521935939789 15776.180778265
21 3.779381e-01 3.139909e-01 0.000000e+00 6.394720e-02 1.748647e-04 785.1709010601044 16561.417761087418
22 3.360079e-01 2.723156e-01 0.000000e+00 6.369236e-02 1.578175e-04 783.3561813831329 17344.840875148773
23 3.189480e-01 2.555181e-01 0.000000e+00 6.342984e-02 1.499277e-04 783.701413154602 18128.608127832413
24 2.868527e-01 2.236394e-01 0.000000e+00 6.321329e-02 1.353116e-04 780.0229158401489 18908.696449756622
25 2.706300e-01 2.076121e-01 0.000000e+00 6.301785e-02 1.221203e-04 780.343674659729 19689.1050593853
26 2.503506e-01 1.875015e-01 0.000000e+00 6.284917e-02 1.160151e-04 780.1726512908936 20469.34645652771
27 2.404044e-01 1.777401e-01 0.000000e+00 6.266425e-02 1.047050e-04 782.509339094162 21251.92017531395
28 2.291922e-01 1.666812e-01 0.000000e+00 6.251097e-02 9.947045e-05 783.2363488674164 22035.222568273544
29 2.213251e-01 1.589666e-01 0.000000e+00 6.235853e-02 8.977330e-05 784.4074342250824 22819.69979429245
30 2.159841e-01 1.537667e-01 0.000000e+00 6.221739e-02 8.102149e-05 781.0285387039185 23600.794271230698
31 2.092778e-01 1.471629e-01 0.000000e+00 6.211484e-02 7.697094e-05 781.1689229011536 24382.030334949493
32 2.014349e-01 1.394465e-01 0.000000e+00 6.198840e-02 6.946721e-05 779.8962454795837 25161.99050974846
33 1.969022e-01 1.350271e-01 0.000000e+00 6.187516e-02 6.269500e-05 781.4212393760681 25943.47286915779
34 1.945568e-01 1.327781e-01 0.000000e+00 6.177868e-02 5.956065e-05 780.1513130664825 26723.690893411636
35 1.885898e-01 1.269145e-01 0.000000e+00 6.167537e-02 5.375422e-05 781.2205867767334 27504.979084968567
36 1.846432e-01 1.230404e-01 0.000000e+00 6.160285e-02 4.851383e-05 792.9947509765625 28298.037281036377
37 1.831852e-01 1.216616e-01 0.000000e+00 6.152355e-02 4.608845e-05 782.0793147087097 29080.180463790894
38 1.813543e-01 1.198968e-01 0.000000e+00 6.145753e-02 4.159539e-05 783.5588660240173 29863.809896707535
39 1.767679e-01 1.153752e-01 0.000000e+00 6.139271e-02 3.754035e-05 780.8039739131927 30644.680816173553
40 1.751615e-01 1.138382e-01 0.000000e+00 6.132328e-02 3.566357e-05 784.386557340622 31429.133984088898
41 1.743995e-01 1.131286e-01 0.000000e+00 6.127087e-02 3.218681e-05 787.8069913387299 32216.999596834183
42 1.715359e-01 1.103258e-01 0.000000e+00 6.121012e-02 3.057767e-05 781.2892825603485 32998.35286951065
43 1.711261e-01 1.099641e-01 0.000000e+00 6.116206e-02 2.759672e-05 786.0441980361938 33784.463539361954
44 1.693787e-01 1.082564e-01 0.000000e+00 6.112228e-02 2.490638e-05 787.4312078952789 34571.95358610153
45 1.674042e-01 1.063243e-01 0.000000e+00 6.107987e-02 2.366122e-05 786.3493504524231 35358.36030507088
46 1.654424e-01 1.043975e-01 0.000000e+00 6.104490e-02 2.135454e-05 784.404708147049 36142.8308839798
47 1.647140e-01 1.037018e-01 0.000000e+00 6.101211e-02 1.927273e-05 787.6345114707947 36930.53098654747
48 1.639537e-01 1.029685e-01 0.000000e+00 6.098518e-02 1.830922e-05 784.8433218002319 37715.43985795975
49 1.619514e-01 1.009985e-01 0.000000e+00 6.095293e-02 1.652429e-05 785.1042380332947 38500.610189676285
50 1.624977e-01 1.015711e-01 0.000000e+00 6.092662e-02 1.491337e-05 784.8260736465454 39285.5053486824
51 1.591102e-01 9.821268e-02 0.000000e+00 6.089750e-02 1.416780e-05 781.5870180130005 40067.14524316788
52 1.547632e-01 9.388541e-02 0.000000e+00 6.087783e-02 1.278661e-05 784.0004472732544 40851.28315591812
53 1.563221e-01 9.546271e-02 0.000000e+00 6.085944e-02 1.154007e-05 785.5225477218628 41636.86982703209
54 1.553741e-01 9.453655e-02 0.000000e+00 6.083755e-02 1.096314e-05 786.2752001285553 42423.198528051376
55 1.537094e-01 9.288470e-02 0.000000e+00 6.082469e-02 9.894371e-06 784.7110059261322 43207.9628469944
56 1.533353e-01 9.252811e-02 0.000000e+00 6.080717e-02 9.399716e-06 787.1935737133026 43995.31951403618
57 1.513501e-01 9.055288e-02 0.000000e+00 6.079722e-02 8.483358e-06 780.457391500473 44775.841197013855
58 1.492181e-01 8.843317e-02 0.000000e+00 6.078495e-02 7.656334e-06 785.5927119255066 45561.49196743965
59 1.482267e-01 8.745305e-02 0.000000e+00 6.077370e-02 7.273567e-06 784.6937098503113 46346.25266766548
60 1.455100e-01 8.474630e-02 0.000000e+00 6.076365e-02 6.564482e-06 785.7928314208984 47132.11016392708
61 1.460615e-01 8.530846e-02 0.000000e+00 6.075304e-02 5.924525e-06 784.6852638721466 47916.86068916321
62 1.454807e-01 8.473430e-02 0.000000e+00 6.074640e-02 5.628337e-06 784.1761343479156 48701.09367156029
63 1.435227e-01 8.278555e-02 0.000000e+00 6.073713e-02 5.079643e-06 782.2812929153442 49483.49726510048
64 1.414542e-01 8.072192e-02 0.000000e+00 6.073224e-02 4.584439e-06 785.0290579795837 50268.58964514732
65 1.418265e-01 8.110383e-02 0.000000e+00 6.072270e-02 4.355247e-06 782.6147181987762 51051.27115941048
66 1.397244e-01 7.900523e-02 0.000000e+00 6.071919e-02 3.930663e-06 786.4171710014343 51837.742715358734
67 1.398548e-01 7.914144e-02 0.000000e+00 6.071341e-02 3.547471e-06 787.9016070365906 52625.76326227188
68 1.388252e-01 7.811427e-02 0.000000e+00 6.071088e-02 3.370121e-06 781.9339346885681 53407.752135038376
69 1.390849e-01 7.837882e-02 0.000000e+00 6.070612e-02 3.041575e-06 787.7859518527985 54195.69899868965
70 1.375784e-01 7.687446e-02 0.000000e+00 6.070395e-02 2.889516e-06 785.6187174320221 54981.37151360512
71 1.369269e-01 7.622734e-02 0.000000e+00 6.069956e-02 2.607823e-06 786.0982346534729 55767.64076566696
72 1.354231e-01 7.472483e-02 0.000000e+00 6.069831e-02 2.353592e-06 782.5523366928101 56550.25461483002
73 1.351505e-01 7.445629e-02 0.000000e+00 6.069420e-02 2.235928e-06 781.9729316234589 57332.29138588905
74 1.346212e-01 7.392748e-02 0.000000e+00 6.069368e-02 2.017952e-06 784.612667798996 58116.97346377373
75 1.336976e-01 7.300679e-02 0.000000e+00 6.069081e-02 1.821226e-06 782.8748059272766 58899.911380290985
76 1.330919e-01 7.240275e-02 0.000000e+00 6.068911e-02 1.730177e-06 781.6939811706543 59681.67027235031
77 1.323106e-01 7.162286e-02 0.000000e+00 6.068772e-02 1.561505e-06 786.7364330291748 60468.47345948219
78 1.323793e-01 7.169215e-02 0.000000e+00 6.068716e-02 1.409278e-06 785.8031358718872 61254.34033703804
79 1.311983e-01 7.051200e-02 0.000000e+00 6.068627e-02 1.338823e-06 786.3166720867157 62040.71048069
80 1.308990e-01 7.021476e-02 0.000000e+00 6.068426e-02 1.208304e-06 785.2435820102692 62826.0669336319
81 1.301259e-01 6.944043e-02 0.000000e+00 6.068547e-02 1.090509e-06 789.4907066822052 63615.61917877197
82 1.293407e-01 6.865680e-02 0.000000e+00 6.068395e-02 1.035990e-06 787.5874729156494 64403.27465796471
83 1.298009e-01 6.911751e-02 0.000000e+00 6.068343e-02 9.349940e-07 794.9807775020599 65198.32400226593
84 1.289863e-01 6.830355e-02 0.000000e+00 6.068271e-02 8.882503e-07 786.8640167713165 65985.24472260475
85 1.290615e-01 6.837879e-02 0.000000e+00 6.068267e-02 8.016567e-07 786.4252755641937 66771.75415420532
86 1.281872e-01 6.750509e-02 0.000000e+00 6.068214e-02 7.235050e-07 786.1435875892639 67557.95414805412
87 1.282311e-01 6.754907e-02 0.000000e+00 6.068203e-02 6.873344e-07 790.211884021759 68348.26313614845
88 1.276638e-01 6.698185e-02 0.000000e+00 6.068199e-02 6.203276e-07 788.9296216964722 69137.24745631218
89 1.273132e-01 6.663160e-02 0.000000e+00 6.068163e-02 5.598532e-07 787.0614161491394 69924.42573952675
90 1.269567e-01 6.627462e-02 0.000000e+00 6.068209e-02 5.318642e-07 787.5085804462433 70712.00092434883
91 1.269560e-01 6.627452e-02 0.000000e+00 6.068148e-02 4.800139e-07 785.1137509346008 71497.1788213253
92 1.266966e-01 6.601507e-02 0.000000e+00 6.068152e-02 4.332184e-07 785.6579551696777 72282.90727543831
93 1.265169e-01 6.583466e-02 0.000000e+00 6.068221e-02 4.115602e-07 785.6470456123352 73068.61865377426
94 1.261955e-01 6.551318e-02 0.000000e+00 6.068234e-02 3.714381e-07 785.1415917873383 73853.82477879524
95 1.263075e-01 6.562561e-02 0.000000e+00 6.068191e-02 3.352274e-07 784.305025100708 74638.19704318047
96 1.258797e-01 6.519706e-02 0.000000e+00 6.068267e-02 3.184682e-07 783.1794517040253 75421.4287211895
97 1.257834e-01 6.510140e-02 0.000000e+00 6.068202e-02 2.874214e-07 782.9472880363464 76204.45193243027
98 1.257126e-01 6.503035e-02 0.000000e+00 6.068229e-02 2.730522e-07 785.1074278354645 76989.6260817051
99 1.253447e-01 6.466140e-02 0.000000e+00 6.068326e-02 2.464329e-07 782.013222694397 77771.69650793076
100 1.253568e-01 6.467433e-02 0.000000e+00 6.068244e-02 2.224087e-07 785.5248031616211 78557.28615760803
101 1.252127e-01 6.452952e-02 0.000000e+00 6.068322e-02 2.112897e-07 786.6444759368896 79343.98571920395
102 1.251987e-01 6.451588e-02 0.000000e+00 6.068279e-02 1.906915e-07 786.505558013916 80130.66842055321
103 1.249538e-01 6.427025e-02 0.000000e+00 6.068353e-02 1.721014e-07 787.1905801296234 80917.92402338982
104 1.250640e-01 6.438093e-02 0.000000e+00 6.068309e-02 1.634975e-07 785.6142029762268 81703.59479951859
105 1.247821e-01 6.409776e-02 0.000000e+00 6.068438e-02 1.475585e-07 785.5892288684845 82489.23689341545
