epoch	 loss	 RMSE_Etot	 RMSE_Ei	 RMSE_F	 real_lr	 epoch_time	 wall_time
1 1.016676e+01 9.854099e+00 0.000000e+00 3.126629e-01 1.000000e-03 47.01434826850891 47.02812123298645
2 2.482519e+00 2.348834e+00 0.000000e+00 1.336850e-01 9.500064e-04 30.57244610786438 77.74154615402222
3 1.902277e+00 1.781321e+00 0.000000e+00 1.209557e-01 9.500064e-04 30.754394054412842 108.53712868690491
4 2.210291e+00 2.098447e+00 0.000000e+00 1.118443e-01 9.500064e-04 31.699747562408447 140.28081560134888
5 2.737937e+00 2.633683e+00 0.000000e+00 1.042544e-01 9.500064e-04 30.948960781097412 171.25907015800476
6 1.936186e+00 1.836195e+00 0.000000e+00 9.999125e-02 9.500064e-04 30.442965745925903 201.73488354682922
7 1.506287e+00 1.411143e+00 0.000000e+00 9.514413e-02 9.500064e-04 30.627671241760254 232.3917200565338
8 1.540015e+00 1.447156e+00 0.000000e+00 9.285837e-02 9.500064e-04 30.71743130683899 263.1488313674927
9 1.514193e+00 1.421879e+00 0.000000e+00 9.231365e-02 9.500064e-04 30.770426988601685 293.948349237442
10 1.611618e+00 1.521485e+00 0.000000e+00 9.013382e-02 9.500064e-04 30.47723889350891 324.4576714038849
11 1.533492e+00 1.444317e+00 0.000000e+00 8.917473e-02 9.500064e-04 30.56123447418213 355.0486738681793
12 1.261098e+00 1.173381e+00 0.000000e+00 8.771639e-02 9.500064e-04 30.19776749610901 385.2759253978729
13 1.152667e+00 1.066286e+00 0.000000e+00 8.638134e-02 9.500064e-04 30.700674533843994 416.0212595462799
14 1.481243e+00 1.390522e+00 0.000000e+00 9.072142e-02 9.500064e-04 32.1291298866272 448.1938388347626
15 1.155466e+00 1.070940e+00 0.000000e+00 8.452592e-02 9.500064e-04 31.081695318222046 479.3067739009857
16 1.349854e+00 1.265216e+00 0.000000e+00 8.463732e-02 9.500064e-04 30.395707845687866 509.73361563682556
17 1.395885e+00 1.312928e+00 0.000000e+00 8.295697e-02 9.500064e-04 30.463831663131714 540.2279782295227
18 9.303611e-01 8.478683e-01 0.000000e+00 8.249276e-02 9.500064e-04 30.28832459449768 570.5486953258514
19 1.145381e+00 1.064382e+00 0.000000e+00 8.099882e-02 9.500064e-04 30.287967681884766 600.8804647922516
20 1.306763e+00 1.226100e+00 0.000000e+00 8.066332e-02 9.500064e-04 30.189800262451172 631.102311372757
21 1.255882e+00 1.176699e+00 0.000000e+00 7.918299e-02 9.025122e-04 30.241406202316284 661.3745949268341
22 1.411406e+00 1.332181e+00 0.000000e+00 7.922458e-02 9.025122e-04 30.833730697631836 692.2447698116302
23 1.480313e+00 1.402225e+00 0.000000e+00 7.808850e-02 9.025122e-04 30.83420443534851 723.1088418960571
24 1.401858e+00 1.324249e+00 0.000000e+00 7.760946e-02 9.025122e-04 30.740720748901367 753.8838062286377
25 2.862383e+00 2.783624e+00 0.000000e+00 7.875922e-02 9.025122e-04 32.92620658874512 786.8409514427185
26 1.240349e+00 1.164807e+00 0.000000e+00 7.554153e-02 9.025122e-04 35.97779321670532 822.8503262996674
27 1.452050e+00 1.376848e+00 0.000000e+00 7.520124e-02 9.025122e-04 31.115045070648193 853.9958486557007
28 1.509884e+00 1.434843e+00 0.000000e+00 7.504106e-02 9.025122e-04 30.608535766601562 884.63547539711
29 1.218769e+00 1.144470e+00 0.000000e+00 7.429865e-02 9.025122e-04 30.52642512321472 915.193922996521
30 1.413474e+00 1.339376e+00 0.000000e+00 7.409851e-02 9.025122e-04 30.58406376838684 945.8104312419891
31 1.618701e+00 1.546047e+00 0.000000e+00 7.265411e-02 9.025122e-04 30.281988620758057 976.1226260662079
32 1.439760e+00 1.366527e+00 0.000000e+00 7.323316e-02 9.025122e-04 30.39508318901062 1006.549103975296
33 1.277841e+00 1.205552e+00 0.000000e+00 7.228870e-02 9.025122e-04 30.557442665100098 1037.1392736434937
34 1.343756e+00 1.271750e+00 0.000000e+00 7.200682e-02 9.025122e-04 30.38290023803711 1067.5523908138275
35 1.505373e+00 1.434079e+00 0.000000e+00 7.129313e-02 9.025122e-04 30.637972354888916 1098.224330663681
36 1.528524e+00 1.456056e+00 0.000000e+00 7.246728e-02 9.025122e-04 30.516030073165894 1128.7723109722137
37 9.727912e-01 9.024246e-01 0.000000e+00 7.036661e-02 9.025122e-04 30.75969910621643 1159.5615937709808
38 1.129095e+00 1.058590e+00 0.000000e+00 7.050436e-02 9.025122e-04 30.5653293132782 1190.1512968540192
39 1.345988e+00 1.275716e+00 0.000000e+00 7.027215e-02 9.025122e-04 30.450648069381714 1220.6264345645905
40 9.069278e-01 8.365525e-01 0.000000e+00 7.037534e-02 9.025122e-04 30.556119918823242 1251.21529006958
41 1.189014e+00 1.118922e+00 0.000000e+00 7.009236e-02 8.573924e-04 30.518977642059326 1281.7753472328186
42 1.097175e+00 1.028320e+00 0.000000e+00 6.885473e-02 8.573924e-04 30.09441900253296 1311.8997406959534
43 1.018852e+00 9.498481e-01 0.000000e+00 6.900400e-02 8.573924e-04 30.80491828918457 1342.737058877945
44 1.400386e+00 1.330389e+00 0.000000e+00 6.999681e-02 8.573924e-04 31.017473697662354 1373.7851445674896
45 9.192950e-01 8.510832e-01 0.000000e+00 6.821187e-02 8.573924e-04 30.506324768066406 1404.3247241973877
46 9.792267e-01 9.096457e-01 0.000000e+00 6.958106e-02 8.573924e-04 30.597071647644043 1434.949955701828
47 9.044790e-01 8.367657e-01 0.000000e+00 6.771322e-02 8.573924e-04 30.8726909160614 1465.8930702209473
48 9.059846e-01 8.376840e-01 0.000000e+00 6.830061e-02 8.573924e-04 30.476077795028687 1496.4055094718933
49 1.118835e+00 1.051730e+00 0.000000e+00 6.710557e-02 8.573924e-04 30.35747742652893 1526.7933399677277
50 1.077917e+00 1.010915e+00 0.000000e+00 6.700196e-02 8.573924e-04 30.48636031150818 1557.3053772449493
51 1.073668e+00 1.006753e+00 0.000000e+00 6.691502e-02 8.573924e-04 30.215710639953613 1587.552638053894
52 1.024985e+00 9.581126e-01 0.000000e+00 6.687261e-02 8.573924e-04 30.269526481628418 1617.8553805351257
53 1.176464e+00 1.109788e+00 0.000000e+00 6.667605e-02 8.573924e-04 30.37547755241394 1648.2624838352203
54 9.233193e-01 8.572011e-01 0.000000e+00 6.611821e-02 8.573924e-04 30.564128398895264 1678.8575010299683
55 9.705469e-01 9.046982e-01 0.000000e+00 6.584873e-02 8.573924e-04 30.36162543296814 1709.2518322467804
56 8.354278e-01 7.695334e-01 0.000000e+00 6.589433e-02 8.573924e-04 30.42908501625061 1739.7116496562958
57 9.686467e-01 9.029259e-01 0.000000e+00 6.572074e-02 8.573924e-04 30.31135654449463 1770.06258893013
58 9.416756e-01 8.761238e-01 0.000000e+00 6.555181e-02 8.573924e-04 30.4307804107666 1800.5234661102295
59 1.005322e+00 9.405139e-01 0.000000e+00 6.480765e-02 8.573924e-04 30.494975805282593 1831.0502943992615
60 8.299806e-01 7.646472e-01 0.000000e+00 6.533340e-02 8.145282e-04 30.507936477661133 1861.5904161930084
61 8.894922e-01 8.248215e-01 0.000000e+00 6.467067e-02 8.145282e-04 30.368615865707397 1892.0019838809967
62 7.768800e-01 7.117110e-01 0.000000e+00 6.516910e-02 8.145282e-04 30.47126817703247 1922.504168510437
63 7.351375e-01 6.710972e-01 0.000000e+00 6.404030e-02 8.145282e-04 30.499446630477905 1953.0466949939728
64 9.440956e-01 8.795973e-01 0.000000e+00 6.449835e-02 8.145282e-04 30.587015867233276 1983.677181005478
65 9.755938e-01 9.116589e-01 0.000000e+00 6.393487e-02 8.145282e-04 30.338679790496826 2014.0471959114075
66 8.134872e-01 7.490664e-01 0.000000e+00 6.442081e-02 8.145282e-04 30.453752279281616 2044.5336546897888
67 8.980317e-01 8.343070e-01 0.000000e+00 6.372467e-02 8.145282e-04 30.39260482788086 2074.9576511383057
68 7.964689e-01 7.325980e-01 0.000000e+00 6.387099e-02 8.145282e-04 30.199953079223633 2105.1860044002533
69 9.532414e-01 8.897842e-01 0.000000e+00 6.345720e-02 8.145282e-04 30.56092119216919 2135.7782509326935
70 7.342761e-01 6.711043e-01 0.000000e+00 6.317180e-02 8.145282e-04 30.33516788482666 2166.145387649536
71 8.625441e-01 7.991564e-01 0.000000e+00 6.338771e-02 8.145282e-04 30.4207022190094 2196.604930639267
72 9.462781e-01 8.831823e-01 0.000000e+00 6.309573e-02 8.145282e-04 30.570987462997437 2227.2076666355133
73 8.148310e-01 7.517334e-01 0.000000e+00 6.309757e-02 8.145282e-04 30.447543144226074 2257.6883528232574
74 7.665553e-01 7.033350e-01 0.000000e+00 6.322034e-02 8.145282e-04 30.456284761428833 2288.1746411323547
75 8.251517e-01 7.626152e-01 0.000000e+00 6.253650e-02 8.145282e-04 30.272366523742676 2318.479769229889
76 7.027884e-01 6.395718e-01 0.000000e+00 6.321665e-02 8.145282e-04 30.140637159347534 2348.6527392864227
77 6.981176e-01 6.360680e-01 0.000000e+00 6.204962e-02 8.145282e-04 30.310773372650146 2379.007403612137
78 9.349187e-01 8.715265e-01 0.000000e+00 6.339222e-02 8.145282e-04 30.52256727218628 2409.573550462723
79 7.999705e-01 7.377523e-01 0.000000e+00 6.221815e-02 8.145282e-04 32.0025897026062 2441.609246969223
80 6.533917e-01 5.915611e-01 0.000000e+00 6.183059e-02 7.738070e-04 34.45046019554138 2476.089606523514
81 7.082984e-01 6.460596e-01 0.000000e+00 6.223875e-02 7.738070e-04 31.849297761917114 2507.9813270568848
82 6.631016e-01 6.014756e-01 0.000000e+00 6.162597e-02 7.738070e-04 30.465402364730835 2538.4738285541534
83 7.817917e-01 7.196837e-01 0.000000e+00 6.210806e-02 7.738070e-04 30.117499828338623 2568.6243319511414
84 7.832687e-01 7.215723e-01 0.000000e+00 6.169634e-02 7.738070e-04 30.316150903701782 2598.973475217819
85 8.695691e-01 8.078634e-01 0.000000e+00 6.170567e-02 7.738070e-04 30.571093559265137 2629.5748329162598
86 7.279358e-01 6.663369e-01 0.000000e+00 6.159890e-02 7.738070e-04 30.460826873779297 2660.069576025009
87 7.010088e-01 6.397301e-01 0.000000e+00 6.127865e-02 7.738070e-04 30.536970376968384 2690.6375172138214
88 6.661052e-01 6.047997e-01 0.000000e+00 6.130555e-02 7.738070e-04 30.554535388946533 2721.221128463745
89 7.860075e-01 7.247500e-01 0.000000e+00 6.125755e-02 7.738070e-04 30.697015285491943 2751.949774503708
90 6.904403e-01 6.293129e-01 0.000000e+00 6.112748e-02 7.738070e-04 30.489707946777344 2782.4710581302643
91 5.888081e-01 5.275576e-01 0.000000e+00 6.125052e-02 7.738070e-04 30.5045166015625 2813.008279323578
92 8.453447e-01 7.838789e-01 0.000000e+00 6.146575e-02 7.738070e-04 30.539361476898193 2843.591017961502
93 5.296829e-01 4.690517e-01 0.000000e+00 6.063113e-02 7.738070e-04 30.306031703948975 2873.926309108734
94 6.164905e-01 5.560330e-01 0.000000e+00 6.045748e-02 7.738070e-04 30.257500410079956 2904.2200770378113
95 6.528732e-01 5.924272e-01 0.000000e+00 6.044604e-02 7.738070e-04 30.839805603027344 2935.094710588455
96 7.497385e-01 6.893975e-01 0.000000e+00 6.034098e-02 7.738070e-04 31.402033805847168 2966.52956032753
97 7.124807e-01 6.524884e-01 0.000000e+00 5.999233e-02 7.738070e-04 30.499350786209106 2997.0586183071136
98 6.681038e-01 6.078492e-01 0.000000e+00 6.025461e-02 7.738070e-04 30.22466778755188 3027.312003850937
99 6.374105e-01 5.774326e-01 0.000000e+00 5.997791e-02 7.351217e-04 30.212262392044067 3057.5551855564117
100 7.281143e-01 6.680983e-01 0.000000e+00 6.001605e-02 7.351217e-04 30.40133833885193 3087.989124774933
101 7.263707e-01 6.669560e-01 0.000000e+00 5.941474e-02 7.351217e-04 30.695908308029175 3118.715190887451
102 7.209910e-01 6.613325e-01 0.000000e+00 5.965845e-02 7.351217e-04 30.318066835403442 3149.0579776763916
103 6.611624e-01 6.016969e-01 0.000000e+00 5.946555e-02 7.351217e-04 30.48054051399231 3179.5636265277863
104 8.087904e-01 7.487860e-01 0.000000e+00 6.000449e-02 7.351217e-04 30.39694094657898 3209.9943478107452
105 6.886002e-01 6.295466e-01 0.000000e+00 5.905360e-02 7.351217e-04 30.453843593597412 3240.4790828227997
106 7.183441e-01 6.591353e-01 0.000000e+00 5.920884e-02 7.351217e-04 30.344558477401733 3270.856355905533
107 6.417477e-01 5.828795e-01 0.000000e+00 5.886812e-02 7.351217e-04 30.58835768699646 3301.476338863373
108 9.208207e-01 8.618242e-01 0.000000e+00 5.899651e-02 7.351217e-04 30.41436743736267 3331.9215190410614
109 8.462050e-01 7.872154e-01 0.000000e+00 5.898968e-02 7.351217e-04 30.56649112701416 3362.519813299179
110 6.966391e-01 6.382295e-01 0.000000e+00 5.840957e-02 7.351217e-04 30.86320686340332 3393.4147222042084
111 7.545185e-01 6.957757e-01 0.000000e+00 5.874280e-02 7.351217e-04 30.680378437042236 3424.124992132187
112 8.461771e-01 7.878761e-01 0.000000e+00 5.830096e-02 7.351217e-04 30.52973771095276 3454.689174890518
113 7.587652e-01 7.003012e-01 0.000000e+00 5.846402e-02 7.351217e-04 30.533048152923584 3485.2498109340668
114 7.456220e-01 6.870064e-01 0.000000e+00 5.861559e-02 7.351217e-04 30.809372425079346 3516.0912601947784
115 6.936479e-01 6.355202e-01 0.000000e+00 5.812764e-02 7.351217e-04 30.66086745262146 3546.7849056720734
116 5.940410e-01 5.360470e-01 0.000000e+00 5.799404e-02 7.351217e-04 30.63218402862549 3577.448753118515
117 7.875434e-01 7.296112e-01 0.000000e+00 5.793214e-02 7.351217e-04 30.674374103546143 3608.154570579529
118 6.722108e-01 6.140560e-01 0.000000e+00 5.815477e-02 7.351217e-04 30.451120853424072 3638.637360095978
119 9.528641e-01 8.949079e-01 0.000000e+00 5.795616e-02 6.983703e-04 30.630186796188354 3669.300824403763
120 7.972841e-01 7.395697e-01 0.000000e+00 5.771441e-02 6.983703e-04 30.879204988479614 3700.2112052440643
121 7.600949e-01 7.023003e-01 0.000000e+00 5.779458e-02 6.983703e-04 30.68590211868286 3730.929664373398
122 7.670055e-01 7.097681e-01 0.000000e+00 5.723736e-02 6.983703e-04 30.56922698020935 3761.5304532051086
123 8.319066e-01 7.742247e-01 0.000000e+00 5.768195e-02 6.983703e-04 30.570769786834717 3792.132086277008
124 8.840558e-01 8.266992e-01 0.000000e+00 5.735657e-02 6.983703e-04 30.206202030181885 3822.363060235977
125 6.294859e-01 5.721093e-01 0.000000e+00 5.737661e-02 6.983703e-04 30.42953586578369 3852.8262078762054
126 7.626024e-01 7.053056e-01 0.000000e+00 5.729683e-02 6.983703e-04 30.427855491638184 3883.2850439548492
127 8.117840e-01 7.545630e-01 0.000000e+00 5.722108e-02 6.983703e-04 30.326720237731934 3913.640864610672
128 7.110278e-01 6.537469e-01 0.000000e+00 5.728091e-02 6.983703e-04 30.34573984146118 3944.0183444023132
129 6.508352e-01 5.937929e-01 0.000000e+00 5.704223e-02 6.983703e-04 30.805550813674927 3974.86150431633
130 6.926192e-01 6.354089e-01 0.000000e+00 5.721032e-02 6.983703e-04 30.755990266799927 4005.6501791477203
131 8.094726e-01 7.528408e-01 0.000000e+00 5.663173e-02 6.983703e-04 30.588018655776978 4036.2702085971832
132 5.433822e-01 4.866552e-01 0.000000e+00 5.672702e-02 6.983703e-04 30.408040523529053 4066.709306240082
133 8.669481e-01 8.100475e-01 0.000000e+00 5.690060e-02 6.983703e-04 30.430272579193115 4097.165717840195
134 7.149825e-01 6.581300e-01 0.000000e+00 5.685250e-02 6.983703e-04 30.27328658103943 4127.470972061157
135 5.897497e-01 5.331414e-01 0.000000e+00 5.660829e-02 6.983703e-04 30.4209885597229 4157.917587041855
136 6.893610e-01 6.326846e-01 0.000000e+00 5.667641e-02 6.983703e-04 30.506131887435913 4188.454923868179
137 6.512355e-01 5.947752e-01 0.000000e+00 5.646031e-02 6.983703e-04 30.412758350372314 4218.896813631058
138 9.588687e-01 9.025340e-01 0.000000e+00 5.633474e-02 6.634562e-04 30.791008472442627 4249.720907449722
139 7.217285e-01 6.652543e-01 0.000000e+00 5.647421e-02 6.634562e-04 31.05077886581421 4280.805738210678
140 7.670145e-01 7.106562e-01 0.000000e+00 5.635832e-02 6.634562e-04 30.95404839515686 4311.7836701869965
141 6.910692e-01 6.348333e-01 0.000000e+00 5.623597e-02 6.634562e-04 31.596884727478027 4343.411932468414
142 6.810794e-01 6.246402e-01 0.000000e+00 5.643924e-02 6.634562e-04 30.561246633529663 4374.004157304764
143 7.512027e-01 6.951364e-01 0.000000e+00 5.606629e-02 6.634562e-04 30.267456769943237 4404.30179309845
144 6.257030e-01 5.697118e-01 0.000000e+00 5.599120e-02 6.634562e-04 30.648630142211914 4434.974576950073
145 5.903961e-01 5.346396e-01 0.000000e+00 5.575649e-02 6.634562e-04 30.80911636352539 4465.815198659897
146 6.065570e-01 5.505090e-01 0.000000e+00 5.604803e-02 6.634562e-04 30.87673544883728 4496.723831415176
147 8.226524e-01 7.669099e-01 0.000000e+00 5.574256e-02 6.634562e-04 31.182670831680298 4527.942264795303
148 7.332179e-01 6.772010e-01 0.000000e+00 5.601685e-02 6.634562e-04 30.862224578857422 4558.835047245026
149 6.154073e-01 5.598092e-01 0.000000e+00 5.559807e-02 6.634562e-04 30.51613187789917 4589.383861780167
150 6.471124e-01 5.914343e-01 0.000000e+00 5.567809e-02 6.634562e-04 30.421884298324585 4619.832124233246
151 6.704958e-01 6.148453e-01 0.000000e+00 5.565056e-02 6.634562e-04 30.6454975605011 4650.511492967606
152 7.810903e-01 7.253867e-01 0.000000e+00 5.570360e-02 6.634562e-04 30.623928785324097 4681.167723655701
153 6.178228e-01 5.625679e-01 0.000000e+00 5.525489e-02 6.634562e-04 30.673508644104004 4711.87375497818
154 6.549169e-01 5.994807e-01 0.000000e+00 5.543626e-02 6.634562e-04 30.441871881484985 4742.3471393585205
155 6.247400e-01 5.691395e-01 0.000000e+00 5.560049e-02 6.634562e-04 30.302549839019775 4772.680835008621
156 6.991989e-01 6.439992e-01 0.000000e+00 5.519968e-02 6.634562e-04 30.63658046722412 4803.345711946487
157 5.382386e-01 4.830966e-01 0.000000e+00 5.514197e-02 6.634562e-04 30.782127380371094 4834.1603219509125
158 8.053754e-01 7.498555e-01 0.000000e+00 5.551988e-02 6.302877e-04 32.45121383666992 4866.641915798187
159 7.040179e-01 6.490010e-01 0.000000e+00 5.501686e-02 6.302877e-04 33.286330223083496 4899.961825370789
160 6.682013e-01 6.130150e-01 0.000000e+00 5.518630e-02 6.302877e-04 32.13878846168518 4932.12853717804
161 5.648480e-01 5.100979e-01 0.000000e+00 5.475008e-02 6.302877e-04 30.394187688827515 4962.557888746262
162 6.437595e-01 5.886641e-01 0.000000e+00 5.509547e-02 6.302877e-04 30.30303645133972 4992.896142482758
163 5.830882e-01 5.282448e-01 0.000000e+00 5.484344e-02 6.302877e-04 30.421557903289795 5023.349427223206
164 7.217540e-01 6.670663e-01 0.000000e+00 5.468777e-02 6.302877e-04 30.632470846176147 5054.008690357208
165 6.063328e-01 5.515416e-01 0.000000e+00 5.479123e-02 6.302877e-04 30.8482186794281 5084.886625289917
166 6.822728e-01 6.273436e-01 0.000000e+00 5.492918e-02 6.302877e-04 30.425257205963135 5115.343603134155
167 7.054041e-01 6.508735e-01 0.000000e+00 5.453058e-02 6.302877e-04 30.46442198753357 5145.842960119247
168 6.909658e-01 6.358760e-01 0.000000e+00 5.508987e-02 6.302877e-04 30.46192955970764 5176.336265802383
169 5.735404e-01 5.191846e-01 0.000000e+00 5.435586e-02 6.302877e-04 30.807507276535034 5207.174781560898
170 5.931458e-01 5.388431e-01 0.000000e+00 5.430269e-02 6.302877e-04 30.26798725128174 5237.47211265564
171 5.786921e-01 5.241586e-01 0.000000e+00 5.453351e-02 6.302877e-04 30.428855180740356 5267.936432600021
172 5.847908e-01 5.304100e-01 0.000000e+00 5.438082e-02 6.302877e-04 30.47671604156494 5298.4447016716
173 6.044891e-01 5.501314e-01 0.000000e+00 5.435775e-02 6.302877e-04 30.690074920654297 5329.165182828903
174 7.347831e-01 6.803182e-01 0.000000e+00 5.446490e-02 6.302877e-04 30.35608458518982 5359.555001735687
175 5.299176e-01 4.756076e-01 0.000000e+00 5.431003e-02 6.302877e-04 31.310604333877563 5390.896764278412
176 5.221803e-01 4.683471e-01 0.000000e+00 5.383323e-02 6.302877e-04 30.315778493881226 5421.242611646652
177 6.649698e-01 6.109535e-01 0.000000e+00 5.401633e-02 5.987773e-04 30.493158102035522 5451.856269598007
178 6.719061e-01 6.177023e-01 0.000000e+00 5.420378e-02 5.987773e-04 30.49898076057434 5482.382588863373
179 5.796379e-01 5.252527e-01 0.000000e+00 5.438520e-02 5.987773e-04 30.620727062225342 5513.033450841904
180 5.390150e-01 4.850230e-01 0.000000e+00 5.399201e-02 5.987773e-04 30.4604971408844 5543.522433519363
181 5.050571e-01 4.511887e-01 0.000000e+00 5.386839e-02 5.987773e-04 30.416184425354004 5573.970402002335
182 6.401426e-01 5.858244e-01 0.000000e+00 5.431823e-02 5.987773e-04 30.64516019821167 5604.65647482872
183 6.049559e-01 5.514061e-01 0.000000e+00 5.354984e-02 5.987773e-04 30.47792911529541 5635.169097900391
184 7.270623e-01 6.735304e-01 0.000000e+00 5.353187e-02 5.987773e-04 30.947050094604492 5666.148609638214
185 5.693034e-01 5.155511e-01 0.000000e+00 5.375225e-02 5.987773e-04 31.224904775619507 5697.406835079193
186 6.762185e-01 6.224131e-01 0.000000e+00 5.380533e-02 5.987773e-04 30.2345130443573 5727.675347328186
187 6.413591e-01 5.874969e-01 0.000000e+00 5.386225e-02 5.987773e-04 30.622461080551147 5758.331143140793
188 5.574083e-01 5.037319e-01 0.000000e+00 5.367647e-02 5.987773e-04 30.333377599716187 5788.6935822963715
189 5.476598e-01 4.943924e-01 0.000000e+00 5.326738e-02 5.987773e-04 30.1986346244812 5818.92772269249
190 5.047760e-01 4.512495e-01 0.000000e+00 5.352653e-02 5.987773e-04 30.562207221984863 5849.520081043243
191 5.365474e-01 4.830852e-01 0.000000e+00 5.346222e-02 5.987773e-04 30.55786895751953 5880.120676279068
192 5.624733e-01 5.089167e-01 0.000000e+00 5.355660e-02 5.987773e-04 30.515031814575195 5910.667381763458
193 6.027743e-01 5.491765e-01 0.000000e+00 5.359773e-02 5.987773e-04 30.489943265914917 5941.191984653473
194 4.583481e-01 4.050250e-01 0.000000e+00 5.332303e-02 5.987773e-04 30.58024024963379 5971.805210351944
195 5.872771e-01 5.341390e-01 0.000000e+00 5.313807e-02 5.987773e-04 30.52480673789978 6002.3716814517975
196 4.982156e-01 4.448429e-01 0.000000e+00 5.337268e-02 5.987773e-04 30.057780504226685 6032.462825536728
197 4.812668e-01 4.276894e-01 0.000000e+00 5.357741e-02 5.688423e-04 30.413265228271484 6062.907774209976
198 6.164813e-01 5.632721e-01 0.000000e+00 5.320925e-02 5.688423e-04 30.72874355316162 6093.663580656052
199 5.560290e-01 5.029161e-01 0.000000e+00 5.311290e-02 5.688423e-04 30.874494552612305 6124.57200551033
200 5.491387e-01 4.960259e-01 0.000000e+00 5.311281e-02 5.688423e-04 30.328821659088135 6154.935263633728
201 5.641454e-01 5.110036e-01 0.000000e+00 5.314171e-02 5.688423e-04 30.492815732955933 6185.458589553833
202 5.900982e-01 5.371493e-01 0.000000e+00 5.294885e-02 5.688423e-04 30.856656551361084 6216.344669103622
203 7.186479e-01 6.654584e-01 0.000000e+00 5.318949e-02 5.688423e-04 31.692917823791504 6248.062693595886
204 5.827263e-01 5.296678e-01 0.000000e+00 5.305850e-02 5.688423e-04 30.809704542160034 6278.903156280518
205 5.461245e-01 4.928974e-01 0.000000e+00 5.322703e-02 5.688423e-04 30.629799127578735 6309.565901994705
206 5.939612e-01 5.410072e-01 0.000000e+00 5.295398e-02 5.688423e-04 30.814598083496094 6340.410504102707
207 5.117697e-01 4.588840e-01 0.000000e+00 5.288566e-02 5.688423e-04 30.614939212799072 6371.059239864349
208 5.593215e-01 5.066563e-01 0.000000e+00 5.266519e-02 5.688423e-04 30.85868501663208 6401.949488401413
209 5.391183e-01 4.861597e-01 0.000000e+00 5.295851e-02 5.688423e-04 30.472651958465576 6432.457257270813
210 4.507818e-01 3.978601e-01 0.000000e+00 5.292176e-02 5.688423e-04 30.42729663848877 6462.916661977768
211 4.647805e-01 4.121432e-01 0.000000e+00 5.263728e-02 5.688423e-04 30.439485549926758 6493.397567987442
212 5.065079e-01 4.539679e-01 0.000000e+00 5.254004e-02 5.688423e-04 30.708465099334717 6524.135761022568
213 4.909821e-01 4.384050e-01 0.000000e+00 5.257710e-02 5.688423e-04 31.1576030254364 6555.323977231979
214 5.225385e-01 4.699035e-01 0.000000e+00 5.263499e-02 5.688423e-04 30.803609132766724 6586.156546831131
215 4.771485e-01 4.244328e-01 0.000000e+00 5.271569e-02 5.688423e-04 30.791488885879517 6616.979045629501
216 5.311598e-01 4.784975e-01 0.000000e+00 5.266235e-02 5.404038e-04 30.510666608810425 6647.522665023804
217 4.309809e-01 3.785543e-01 0.000000e+00 5.242666e-02 5.404038e-04 30.832072734832764 6678.38614821434
218 4.805900e-01 4.281802e-01 0.000000e+00 5.240979e-02 5.404038e-04 32.23966646194458 6710.66921210289
219 4.764238e-01 4.240727e-01 0.000000e+00 5.235112e-02 5.404038e-04 33.54240131378174 6744.24347782135
220 5.097259e-01 4.573734e-01 0.000000e+00 5.235259e-02 5.404038e-04 30.490949153900146 6774.758795261383
221 4.579841e-01 4.054408e-01 0.000000e+00 5.254337e-02 5.404038e-04 30.58909034729004 6805.379520654678
222 4.680232e-01 4.158304e-01 0.000000e+00 5.219276e-02 5.404038e-04 30.475648164749146 6835.884915351868
223 4.586198e-01 4.063447e-01 0.000000e+00 5.227508e-02 5.404038e-04 31.454833030700684 6867.371278047562
224 5.411633e-01 4.888630e-01 0.000000e+00 5.230024e-02 5.404038e-04 30.319762706756592 6897.721792459488
225 5.819498e-01 5.298164e-01 0.000000e+00 5.213335e-02 5.404038e-04 30.373857498168945 6928.1270570755005
226 4.744161e-01 4.220803e-01 0.000000e+00 5.233584e-02 5.404038e-04 30.392080068588257 6958.552300930023
227 4.409537e-01 3.889743e-01 0.000000e+00 5.197940e-02 5.404038e-04 30.792187213897705 6989.375555515289
228 5.960000e-01 5.439779e-01 0.000000e+00 5.202206e-02 5.404038e-04 30.709264755249023 7020.118047237396
229 4.658371e-01 4.136872e-01 0.000000e+00 5.214993e-02 5.404038e-04 30.460139274597168 7050.608404636383
230 4.887850e-01 4.367843e-01 0.000000e+00 5.200063e-02 5.404038e-04 30.660882472991943 7081.302416563034
231 5.140966e-01 4.621909e-01 0.000000e+00 5.190562e-02 5.404038e-04 30.83566427230835 7112.168352842331
232 5.093515e-01 4.573994e-01 0.000000e+00 5.195207e-02 5.404038e-04 30.118286848068237 7142.318306922913
233 4.741021e-01 4.220938e-01 0.000000e+00 5.200835e-02 5.404038e-04 31.11390209197998 7173.4629147052765
234 4.795243e-01 4.275681e-01 0.000000e+00 5.195622e-02 5.404038e-04 30.792632341384888 7204.283963680267
235 4.398977e-01 3.880324e-01 0.000000e+00 5.186531e-02 5.133871e-04 30.986103534698486 7235.3016176223755
236 4.668099e-01 4.149340e-01 0.000000e+00 5.187589e-02 5.133871e-04 30.391698837280273 7265.722854375839
237 4.197949e-01 3.680971e-01 0.000000e+00 5.169785e-02 5.133871e-04 31.67215061187744 7297.425836801529
238 5.338738e-01 4.819875e-01 0.000000e+00 5.188631e-02 5.133871e-04 33.13030791282654 7330.591300487518
239 5.449814e-01 4.934560e-01 0.000000e+00 5.152540e-02 5.133871e-04 32.943495750427246 7363.565175533295
240 4.499343e-01 3.984375e-01 0.000000e+00 5.149682e-02 5.133871e-04 30.419876098632812 7394.018701553345
241 6.254648e-01 5.736346e-01 0.000000e+00 5.183012e-02 5.133871e-04 31.07904601097107 7425.121561050415
242 5.870793e-01 5.355889e-01 0.000000e+00 5.149040e-02 5.133871e-04 32.25903606414795 7457.405201911926
243 4.879612e-01 4.363348e-01 0.000000e+00 5.162639e-02 5.133871e-04 30.91598653793335 7488.353005409241
244 3.927385e-01 3.412776e-01 0.000000e+00 5.146096e-02 5.133871e-04 30.358102798461914 7518.743358612061
245 5.537331e-01 5.022560e-01 0.000000e+00 5.147714e-02 5.133871e-04 30.5964252948761 7549.39299082756
246 5.091677e-01 4.578403e-01 0.000000e+00 5.132736e-02 5.133871e-04 30.740753650665283 7580.163308143616
247 5.064397e-01 4.550875e-01 0.000000e+00 5.135221e-02 5.133871e-04 30.99163508415222 7611.181681632996
248 4.889682e-01 4.375364e-01 0.000000e+00 5.143188e-02 5.133871e-04 30.546401739120483 7641.758522510529
249 5.125029e-01 4.610154e-01 0.000000e+00 5.148754e-02 5.133871e-04 30.81004762649536 7672.5925385952
250 4.902065e-01 4.388163e-01 0.000000e+00 5.139018e-02 5.133871e-04 30.807339191436768 7703.431356191635
251 4.550194e-01 4.039126e-01 0.000000e+00 5.110676e-02 5.133871e-04 30.17080855369568 7733.6333746910095
252 4.914111e-01 4.401301e-01 0.000000e+00 5.128096e-02 5.133871e-04 30.293684720993042 7763.95659327507
253 5.133275e-01 4.621598e-01 0.000000e+00 5.116769e-02 5.133871e-04 30.285836935043335 7794.276768684387
254 4.909355e-01 4.398259e-01 0.000000e+00 5.110961e-02 5.133871e-04 30.321282148361206 7824.627289772034
255 4.035585e-01 3.523782e-01 0.000000e+00 5.118033e-02 4.877210e-04 30.628148317337036 7855.286568641663
256 4.439703e-01 3.928658e-01 0.000000e+00 5.110447e-02 4.877210e-04 30.25955843925476 7885.573716163635
257 4.003074e-01 3.492609e-01 0.000000e+00 5.104656e-02 4.877210e-04 30.401286602020264 7916.008729934692
258 5.796594e-01 5.284352e-01 0.000000e+00 5.122419e-02 4.877210e-04 30.453622341156006 7946.4874901771545
259 5.329217e-01 4.817606e-01 0.000000e+00 5.116112e-02 4.877210e-04 30.293769359588623 7976.812539100647
260 4.894300e-01 4.385544e-01 0.000000e+00 5.087566e-02 4.877210e-04 30.288971185684204 8007.132486343384
261 4.210844e-01 3.703189e-01 0.000000e+00 5.076552e-02 4.877210e-04 30.744519472122192 8037.908174991608
262 4.956851e-01 4.448894e-01 0.000000e+00 5.079571e-02 4.877210e-04 30.696021556854248 8068.634341716766
263 4.160359e-01 3.650284e-01 0.000000e+00 5.100747e-02 4.877210e-04 30.45230484008789 8099.118115901947
264 4.922581e-01 4.414312e-01 0.000000e+00 5.082685e-02 4.877210e-04 30.738924264907837 8129.889276742935
265 5.192998e-01 4.683988e-01 0.000000e+00 5.090100e-02 4.877210e-04 30.388073682785034 8160.307227134705
266 4.580972e-01 4.074158e-01 0.000000e+00 5.068145e-02 4.877210e-04 30.48507833480835 8190.827004671097
267 4.226019e-01 3.718764e-01 0.000000e+00 5.072555e-02 4.877210e-04 30.77769160270691 8221.637068986893
268 5.420569e-01 4.913502e-01 0.000000e+00 5.070671e-02 4.877210e-04 31.01374101638794 8252.681591272354
269 4.697318e-01 4.189319e-01 0.000000e+00 5.079988e-02 4.877210e-04 30.26474642753601 8282.975932836533
270 3.682265e-01 3.176131e-01 0.000000e+00 5.061339e-02 4.877210e-04 30.137834787368774 8313.148695468903
271 3.789717e-01 3.280907e-01 0.000000e+00 5.088094e-02 4.877210e-04 30.927327871322632 8344.120470762253
272 4.690980e-01 4.185833e-01 0.000000e+00 5.051463e-02 4.877210e-04 30.73786473274231 8374.886462450027
273 4.359159e-01 3.854758e-01 0.000000e+00 5.044009e-02 4.877210e-04 30.885400533676147 8405.806319952011
274 4.470139e-01 3.964487e-01 0.000000e+00 5.056523e-02 4.633381e-04 30.819632053375244 8436.657416820526
275 6.265454e-01 5.758926e-01 0.000000e+00 5.065280e-02 4.633381e-04 30.47634267807007 8467.16531085968
276 4.851132e-01 4.346396e-01 0.000000e+00 5.047363e-02 4.633381e-04 30.5801944732666 8497.779113054276
277 3.925571e-01 3.420940e-01 0.000000e+00 5.046309e-02 4.633381e-04 30.69786500930786 8528.508066892624
278 4.576105e-01 4.071595e-01 0.000000e+00 5.045108e-02 4.633381e-04 31.14800715446472 8559.686227083206
279 4.445754e-01 3.943221e-01 0.000000e+00 5.025339e-02 4.633381e-04 30.78401017189026 8590.503749132156
280 5.364893e-01 4.861536e-01 0.000000e+00 5.033569e-02 4.633381e-04 30.28246307373047 8620.81643819809
281 4.497631e-01 3.995238e-01 0.000000e+00 5.023931e-02 4.633381e-04 30.756146669387817 8651.604103088379
282 4.272501e-01 3.769314e-01 0.000000e+00 5.031874e-02 4.633381e-04 30.642700910568237 8682.28069806099
283 4.781724e-01 4.280299e-01 0.000000e+00 5.014252e-02 4.633381e-04 30.67267894744873 8712.985603570938
284 4.105213e-01 3.600183e-01 0.000000e+00 5.050305e-02 4.633381e-04 30.594253301620483 8743.612569093704
285 4.329793e-01 3.827600e-01 0.000000e+00 5.021932e-02 4.633381e-04 30.545738458633423 8774.190425872803
286 4.163471e-01 3.662561e-01 0.000000e+00 5.009102e-02 4.633381e-04 30.832563638687134 8805.056850671768
287 3.661646e-01 3.160057e-01 0.000000e+00 5.015899e-02 4.633381e-04 30.959692239761353 8836.048149108887
288 3.753218e-01 3.252283e-01 0.000000e+00 5.009347e-02 4.633381e-04 30.875577688217163 8866.95789861679
289 4.347873e-01 3.848805e-01 0.000000e+00 4.990681e-02 4.633381e-04 30.68213176727295 8897.670573949814
290 4.742052e-01 4.242706e-01 0.000000e+00 4.993454e-02 4.633381e-04 30.68160843849182 8928.385184526443
291 4.233923e-01 3.732169e-01 0.000000e+00 5.017536e-02 4.633381e-04 30.742738485336304 8959.157962322235
292 4.879943e-01 4.380240e-01 0.000000e+00 4.997038e-02 4.633381e-04 30.83392024040222 8990.02048587799
293 4.088746e-01 3.590876e-01 0.000000e+00 4.978703e-02 4.633381e-04 30.34101128578186 9020.39299082756
294 3.356078e-01 2.857338e-01 0.000000e+00 4.987398e-02 4.401742e-04 30.74015974998474 9051.167515516281
295 3.794952e-01 3.295626e-01 0.000000e+00 4.993258e-02 4.401742e-04 30.692912817001343 9081.903549432755
296 4.101003e-01 3.601246e-01 0.000000e+00 4.997560e-02 4.401742e-04 30.855108499526978 9112.796812534332
297 4.595237e-01 4.096874e-01 0.000000e+00 4.983628e-02 4.401742e-04 30.4453763961792 9143.270953893661
298 5.245157e-01 4.747209e-01 0.000000e+00 4.979481e-02 4.401742e-04 30.520264148712158 9173.82199048996
299 4.899967e-01 4.401563e-01 0.000000e+00 4.984032e-02 4.401742e-04 30.423149347305298 9204.269179344177
300 3.874924e-01 3.377652e-01 0.000000e+00 4.972712e-02 4.401742e-04 30.422597646713257 9234.721118450165
301 4.811622e-01 4.314382e-01 0.000000e+00 4.972402e-02 4.401742e-04 31.288697004318237 9266.040794372559
302 3.981845e-01 3.484370e-01 0.000000e+00 4.974752e-02 4.401742e-04 31.06227993965149 9297.140671253204
303 4.390810e-01 3.892851e-01 0.000000e+00 4.979593e-02 4.401742e-04 30.59994077682495 9327.771622657776
304 4.314945e-01 3.818944e-01 0.000000e+00 4.960010e-02 4.401742e-04 30.4550039768219 9358.257782936096
305 3.875416e-01 3.378345e-01 0.000000e+00 4.970708e-02 4.401742e-04 30.594834566116333 9388.884463787079
306 3.481058e-01 2.984598e-01 0.000000e+00 4.964605e-02 4.401742e-04 30.530625581741333 9419.444009065628
307 4.337258e-01 3.842715e-01 0.000000e+00 4.945426e-02 4.401742e-04 30.50609302520752 9449.982053041458
308 4.324077e-01 3.828010e-01 0.000000e+00 4.960668e-02 4.401742e-04 30.95420241355896 9480.965393066406
309 3.988646e-01 3.493326e-01 0.000000e+00 4.953191e-02 4.401742e-04 30.826645135879517 9511.821155786514
310 3.547431e-01 3.052525e-01 0.000000e+00 4.949050e-02 4.401742e-04 30.3340425491333 9542.184949159622
311 4.188600e-01 3.692732e-01 0.000000e+00 4.958685e-02 4.401742e-04 30.624512672424316 9572.84042429924
312 3.361226e-01 2.867340e-01 0.000000e+00 4.938860e-02 4.401742e-04 30.587340593338013 9603.459383249283
313 3.847704e-01 3.353908e-01 0.000000e+00 4.937961e-02 4.181683e-04 30.516527891159058 9634.007746458054
314 3.973393e-01 3.476877e-01 0.000000e+00 4.965164e-02 4.181683e-04 30.350584983825684 9664.390738487244
315 3.637506e-01 3.143093e-01 0.000000e+00 4.944131e-02 4.181683e-04 30.697450160980225 9695.119986057281
316 2.963216e-01 2.471114e-01 0.000000e+00 4.921021e-02 4.181683e-04 31.737664937973022 9726.890006780624
317 3.966035e-01 3.470135e-01 0.000000e+00 4.958996e-02 4.181683e-04 33.142072439193726 9760.075289011002
318 3.289770e-01 2.798245e-01 0.000000e+00 4.915251e-02 4.181683e-04 31.867740631103516 9791.96782875061
319 4.877205e-01 4.383383e-01 0.000000e+00 4.938222e-02 4.181683e-04 31.68546724319458 9823.687976837158
320 3.662457e-01 3.168295e-01 0.000000e+00 4.941619e-02 4.181683e-04 31.183316946029663 9854.894154310226
321 3.502363e-01 3.011482e-01 0.000000e+00 4.908815e-02 4.181683e-04 31.078080415725708 9885.9950902462
322 3.879106e-01 3.388170e-01 0.000000e+00 4.909363e-02 4.181683e-04 30.856572151184082 9916.884459257126
323 4.752496e-01 4.260835e-01 0.000000e+00 4.916611e-02 4.181683e-04 30.52133822441101 9947.437424898148
324 4.133861e-01 3.640802e-01 0.000000e+00 4.930585e-02 4.181683e-04 30.770809650421143 9978.240462064743
325 3.041733e-01 2.550609e-01 0.000000e+00 4.911236e-02 4.181683e-04 30.800846815109253 10009.073504924774
326 3.277769e-01 2.787381e-01 0.000000e+00 4.903880e-02 4.181683e-04 30.714191436767578 10039.81181883812
327 3.423420e-01 2.932294e-01 0.000000e+00 4.911260e-02 4.181683e-04 30.61044979095459 10070.452440023422
328 4.013527e-01 3.521749e-01 0.000000e+00 4.917776e-02 4.181683e-04 30.463241815567017 10100.938568115234
329 4.225290e-01 3.735186e-01 0.000000e+00 4.901046e-02 4.181683e-04 31.071298360824585 10132.037982225418
330 4.021131e-01 3.531511e-01 0.000000e+00 4.896205e-02 4.181683e-04 30.533618450164795 10162.600583314896
331 4.248236e-01 3.759515e-01 0.000000e+00 4.887208e-02 4.181683e-04 30.531339168548584 10193.165574550629
332 3.666686e-01 3.175751e-01 0.000000e+00 4.909348e-02 4.181683e-04 30.50466251373291 10223.701570510864
333 3.691802e-01 3.204222e-01 0.000000e+00 4.875799e-02 3.972626e-04 30.401849269866943 10254.133022546768
334 4.109846e-01 3.618054e-01 0.000000e+00 4.917912e-02 3.972626e-04 30.27575945854187 10284.432263851166
335 4.459695e-01 3.971137e-01 0.000000e+00 4.885576e-02 3.972626e-04 30.17968225479126 10314.645786046982
336 4.074099e-01 3.587356e-01 0.000000e+00 4.867439e-02 3.972626e-04 30.51490545272827 10345.188969135284
337 4.097109e-01 3.608193e-01 0.000000e+00 4.889161e-02 3.972626e-04 30.416533708572388 10375.642241239548
338 4.137435e-01 3.649314e-01 0.000000e+00 4.881208e-02 3.972626e-04 30.197394132614136 10405.873336553574
339 4.457558e-01 3.968664e-01 0.000000e+00 4.888941e-02 3.972626e-04 30.518370151519775 10436.424632310867
340 5.062773e-01 4.573811e-01 0.000000e+00 4.889619e-02 3.972626e-04 30.678120613098145 10467.136860609055
341 3.451154e-01 2.963745e-01 0.000000e+00 4.874089e-02 3.972626e-04 31.159842491149902 10498.32832956314
342 3.420456e-01 2.933630e-01 0.000000e+00 4.868260e-02 3.972626e-04 30.96918249130249 10529.332229852676
343 3.395609e-01 2.908055e-01 0.000000e+00 4.875535e-02 3.972626e-04 30.670336484909058 10560.033703327179
344 3.521539e-01 3.036246e-01 0.000000e+00 4.852931e-02 3.972626e-04 30.839212656021118 10590.90809392929
345 3.623743e-01 3.137866e-01 0.000000e+00 4.858777e-02 3.972626e-04 31.044090747833252 10621.978168964386
346 3.637876e-01 3.151128e-01 0.000000e+00 4.867480e-02 3.972626e-04 30.798006534576416 10652.807873487473
347 3.493183e-01 3.006887e-01 0.000000e+00 4.862961e-02 3.972626e-04 30.48850417137146 10683.327648878098
348 3.255291e-01 2.769820e-01 0.000000e+00 4.854702e-02 3.972626e-04 31.068400144577026 10714.429604291916
349 3.457536e-01 2.971477e-01 0.000000e+00 4.860584e-02 3.972626e-04 30.403284549713135 10744.863325357437
350 4.114173e-01 3.627694e-01 0.000000e+00 4.864790e-02 3.972626e-04 30.51131796836853 10775.40569972992
351 4.301615e-01 3.816244e-01 0.000000e+00 4.853712e-02 3.972626e-04 30.323031663894653 10805.763318777084
352 3.523803e-01 3.039741e-01 0.000000e+00 4.840623e-02 3.774020e-04 30.142122983932495 10835.93454360962
353 3.244008e-01 2.758807e-01 0.000000e+00 4.852012e-02 3.774020e-04 30.90750551223755 10866.873096942902
354 4.419798e-01 3.934378e-01 0.000000e+00 4.854204e-02 3.774020e-04 31.190820693969727 10898.09318780899
355 3.981761e-01 3.498479e-01 0.000000e+00 4.832819e-02 3.774020e-04 30.31245255470276 10928.43605184555
356 4.114446e-01 3.630532e-01 0.000000e+00 4.839139e-02 3.774020e-04 30.406466722488403 10958.874791145325
357 4.646195e-01 4.160300e-01 0.000000e+00 4.858951e-02 3.774020e-04 30.449464082717896 10989.35406780243
358 3.497782e-01 3.014839e-01 0.000000e+00 4.829437e-02 3.774020e-04 30.490410804748535 11019.86869597435
359 4.287688e-01 3.803463e-01 0.000000e+00 4.842250e-02 3.774020e-04 30.484046936035156 11050.387659072876
360 3.730185e-01 3.246399e-01 0.000000e+00 4.837854e-02 3.774020e-04 30.989112854003906 11081.406939268112
361 4.680618e-01 4.196920e-01 0.000000e+00 4.836979e-02 3.774020e-04 30.86569380760193 11112.309048175812
362 4.315788e-01 3.833291e-01 0.000000e+00 4.824976e-02 3.774020e-04 30.7043514251709 11143.038594722748
363 4.210236e-01 3.727570e-01 0.000000e+00 4.826658e-02 3.774020e-04 30.398619413375854 11173.46801495552
364 3.954438e-01 3.472440e-01 0.000000e+00 4.819982e-02 3.774020e-04 30.5323703289032 11204.024327754974
365 2.961399e-01 2.478493e-01 0.000000e+00 4.829057e-02 3.774020e-04 30.594308376312256 11234.645040035248
366 3.899668e-01 3.416718e-01 0.000000e+00 4.829499e-02 3.774020e-04 30.75704288482666 11265.682997226715
367 3.483358e-01 3.002647e-01 0.000000e+00 4.807109e-02 3.774020e-04 30.27699565887451 11295.988043546677
368 3.870074e-01 3.388193e-01 0.000000e+00 4.818813e-02 3.774020e-04 30.79736638069153 11326.815848588943
369 3.545217e-01 3.064251e-01 0.000000e+00 4.809654e-02 3.774020e-04 30.58228611946106 11357.428248405457
370 3.616643e-01 3.136300e-01 0.000000e+00 4.803433e-02 3.774020e-04 30.58671259880066 11388.043852567673
371 4.039476e-01 3.557050e-01 0.000000e+00 4.824259e-02 3.774020e-04 30.713004112243652 11418.780997991562
372 4.506930e-01 4.026336e-01 0.000000e+00 4.805948e-02 3.585343e-04 30.480558395385742 11449.291640758514
373 3.682350e-01 3.203407e-01 0.000000e+00 4.789435e-02 3.585343e-04 30.55703091621399 11479.881602048874
374 5.147789e-01 4.665934e-01 0.000000e+00 4.818550e-02 3.585343e-04 30.472513437271118 11510.384632825851
375 3.993624e-01 3.514852e-01 0.000000e+00 4.787723e-02 3.585343e-04 30.497406482696533 11540.913972616196
376 3.597487e-01 3.118119e-01 0.000000e+00 4.793676e-02 3.585343e-04 31.166446924209595 11572.108744859695
377 3.806812e-01 3.327550e-01 0.000000e+00 4.792622e-02 3.585343e-04 30.63435196876526 11602.775932073593
378 3.409670e-01 2.930175e-01 0.000000e+00 4.794958e-02 3.585343e-04 30.467998027801514 11633.273212194443
379 3.411706e-01 2.932228e-01 0.000000e+00 4.794781e-02 3.585343e-04 30.564188241958618 11663.870694875717
380 3.090488e-01 2.611957e-01 0.000000e+00 4.785309e-02 3.585343e-04 30.412784814834595 11694.313388109207
381 3.397232e-01 2.918914e-01 0.000000e+00 4.783184e-02 3.585343e-04 30.556153059005737 11724.901424884796
382 3.581840e-01 3.102362e-01 0.000000e+00 4.794782e-02 3.585343e-04 30.842186212539673 11755.768683433533
383 3.949753e-01 3.472095e-01 0.000000e+00 4.776582e-02 3.585343e-04 30.635565280914307 11786.434031009674
384 4.145525e-01 3.667783e-01 0.000000e+00 4.777418e-02 3.585343e-04 30.390759468078613 11816.856276750565
385 4.748090e-01 4.269956e-01 0.000000e+00 4.781335e-02 3.585343e-04 30.321085214614868 11847.206154584885
386 4.037060e-01 3.559842e-01 0.000000e+00 4.772186e-02 3.585343e-04 30.6943519115448 11877.929284334183
387 3.053864e-01 2.577163e-01 0.000000e+00 4.767008e-02 3.585343e-04 30.519971132278442 11908.479826927185
388 4.074730e-01 3.597359e-01 0.000000e+00 4.773717e-02 3.585343e-04 30.28067421913147 11938.796480178833
389 2.951378e-01 2.473687e-01 0.000000e+00 4.776909e-02 3.585343e-04 30.910994291305542 11969.74097084999
390 3.522592e-01 3.045379e-01 0.000000e+00 4.772121e-02 3.585343e-04 30.341073751449585 12000.1183116436
391 3.778294e-01 3.301919e-01 0.000000e+00 4.763754e-02 3.406099e-04 30.402499675750732 12030.55128979683
392 3.803474e-01 3.327586e-01 0.000000e+00 4.758889e-02 3.406099e-04 29.995864152908325 12060.569033622742
393 4.210988e-01 3.733979e-01 0.000000e+00 4.770090e-02 3.406099e-04 30.37950849533081 12090.974044799805
394 3.551141e-01 3.075970e-01 0.000000e+00 4.751718e-02 3.406099e-04 30.648838996887207 12121.65303850174
395 3.217522e-01 2.740678e-01 0.000000e+00 4.768439e-02 3.406099e-04 32.1621356010437 12153.849375009537
396 3.530601e-01 3.055510e-01 0.000000e+00 4.750912e-02 3.406099e-04 32.22270393371582 12186.102360725403
397 3.537469e-01 3.061808e-01 0.000000e+00 4.756608e-02 3.406099e-04 32.075602293014526 12218.206913471222
398 3.673287e-01 3.197931e-01 0.000000e+00 4.753554e-02 3.406099e-04 31.566330432891846 12249.80338215828
399 3.776186e-01 3.300639e-01 0.000000e+00 4.755472e-02 3.406099e-04 30.737850666046143 12280.572244405746
400 3.910101e-01 3.435124e-01 0.000000e+00 4.749764e-02 3.406099e-04 30.21192502975464 12310.81780910492
401 3.048909e-01 2.574467e-01 0.000000e+00 4.744417e-02 3.406099e-04 30.47662591934204 12341.324315309525
402 3.570260e-01 3.096368e-01 0.000000e+00 4.738925e-02 3.406099e-04 30.317667245864868 12371.671071767807
403 4.594142e-01 4.119833e-01 0.000000e+00 4.743091e-02 3.406099e-04 30.845420360565186 12402.546543598175
404 3.660948e-01 3.185164e-01 0.000000e+00 4.757843e-02 3.406099e-04 30.431076288223267 12433.008847236633
405 3.751636e-01 3.278681e-01 0.000000e+00 4.729544e-02 3.406099e-04 30.350069999694824 12463.390479564667
406 4.388422e-01 3.913898e-01 0.000000e+00 4.745233e-02 3.406099e-04 30.296058654785156 12493.716488838196
407 3.590957e-01 3.118269e-01 0.000000e+00 4.726879e-02 3.406099e-04 30.54313349723816 12524.287750005722
408 3.685060e-01 3.211305e-01 0.000000e+00 4.737550e-02 3.406099e-04 30.298784971237183 12554.61652803421
409 3.510878e-01 3.037546e-01 0.000000e+00 4.733329e-02 3.406099e-04 30.451580286026 12585.101882457733
410 3.883011e-01 3.409828e-01 0.000000e+00 4.731825e-02 3.406099e-04 30.382580041885376 12615.514432191849
411 4.329442e-01 3.856208e-01 0.000000e+00 4.732342e-02 3.235816e-04 30.3464617729187 12645.892563581467
412 4.385500e-01 3.911748e-01 0.000000e+00 4.737522e-02 3.235816e-04 30.26543951034546 12676.188006162643
413 4.023416e-01 3.550638e-01 0.000000e+00 4.727786e-02 3.235816e-04 30.437379360198975 12706.65619468689
414 3.915231e-01 3.443180e-01 0.000000e+00 4.720511e-02 3.235816e-04 30.35602307319641 12737.041570425034
415 3.760982e-01 3.288362e-01 0.000000e+00 4.726207e-02 3.235816e-04 30.6414213180542 12767.718278884888
416 3.524441e-01 3.052835e-01 0.000000e+00 4.716054e-02 3.235816e-04 30.24500608444214 12797.994091510773
417 3.408407e-01 2.936638e-01 0.000000e+00 4.717692e-02 3.235816e-04 30.504538536071777 12828.527027130127
418 3.214528e-01 2.742799e-01 0.000000e+00 4.717295e-02 3.235816e-04 30.27259659767151 12858.829182624817
419 3.681231e-01 3.209681e-01 0.000000e+00 4.715506e-02 3.235816e-04 30.76761293411255 12889.628324747086
420 4.120449e-01 3.648105e-01 0.000000e+00 4.723442e-02 3.235816e-04 30.662089109420776 12920.319704055786
421 3.523141e-01 3.051638e-01 0.000000e+00 4.715034e-02 3.235816e-04 30.42475724220276 12950.773513555527
422 4.939112e-01 4.467939e-01 0.000000e+00 4.711728e-02 3.235816e-04 30.21811056137085 12981.020882606506
423 3.072027e-01 2.601969e-01 0.000000e+00 4.700578e-02 3.235816e-04 30.733379125595093 13011.783966302872
424 3.292025e-01 2.820727e-01 0.000000e+00 4.712979e-02 3.235816e-04 30.46115207672119 13042.26879954338
425 3.290891e-01 2.820257e-01 0.000000e+00 4.706345e-02 3.235816e-04 30.83733367919922 13073.139937400818
426 3.613498e-01 3.143592e-01 0.000000e+00 4.699062e-02 3.235816e-04 30.865912914276123 13104.04029083252
427 4.443987e-01 3.973340e-01 0.000000e+00 4.706466e-02 3.235816e-04 31.057122945785522 13135.131640195847
428 4.471701e-01 4.002114e-01 0.000000e+00 4.695877e-02 3.235816e-04 30.8330237865448 13165.996030569077
429 4.069244e-01 3.599489e-01 0.000000e+00 4.697552e-02 3.235816e-04 30.70627236366272 13196.73464846611
430 3.672372e-01 3.203001e-01 0.000000e+00 4.693713e-02 3.074046e-04 30.77144742012024 13227.541158676147
431 3.392703e-01 2.923021e-01 0.000000e+00 4.696825e-02 3.074046e-04 30.772064685821533 13258.3486058712
432 4.510393e-01 4.041241e-01 0.000000e+00 4.691525e-02 3.074046e-04 30.67241883277893 13289.055719137192
433 3.891398e-01 3.421265e-01 0.000000e+00 4.701326e-02 3.074046e-04 30.477311849594116 13319.567839622498
434 3.862823e-01 3.393681e-01 0.000000e+00 4.691428e-02 3.074046e-04 30.73298716545105 13350.33115363121
435 3.659083e-01 3.189579e-01 0.000000e+00 4.695043e-02 3.074046e-04 30.355606079101562 13380.716437339783
436 4.170465e-01 3.700332e-01 0.000000e+00 4.701337e-02 3.074046e-04 30.581739902496338 13411.327843666077
437 4.123074e-01 3.654330e-01 0.000000e+00 4.687439e-02 3.074046e-04 30.780104875564575 13442.1347219944
438 3.365698e-01 2.897106e-01 0.000000e+00 4.685914e-02 3.074046e-04 30.700582265853882 13472.864781856537
439 2.997991e-01 2.530073e-01 0.000000e+00 4.679183e-02 3.074046e-04 30.64706826210022 13503.537946462631
440 4.273456e-01 3.804446e-01 0.000000e+00 4.690091e-02 3.074046e-04 30.74733018875122 13534.311480760574
441 3.564168e-01 3.096805e-01 0.000000e+00 4.673630e-02 3.074046e-04 30.416697025299072 13564.75804901123
442 2.783143e-01 2.316148e-01 0.000000e+00 4.669946e-02 3.074046e-04 30.724560499191284 13595.51316666603
443 3.115395e-01 2.646597e-01 0.000000e+00 4.687984e-02 3.074046e-04 30.6024112701416 13626.171315908432
444 3.046006e-01 2.578676e-01 0.000000e+00 4.673296e-02 3.074046e-04 30.988935708999634 13657.193014144897
445 3.807090e-01 3.339872e-01 0.000000e+00 4.672184e-02 3.074046e-04 30.688193798065186 13687.91318821907
446 4.272406e-01 3.805156e-01 0.000000e+00 4.672492e-02 3.074046e-04 30.30759048461914 13718.25151181221
447 3.673119e-01 3.206558e-01 0.000000e+00 4.665606e-02 3.074046e-04 30.589503526687622 13748.874346971512
448 3.943538e-01 3.475932e-01 0.000000e+00 4.676056e-02 3.074046e-04 30.730688333511353 13779.635698795319
449 4.119064e-01 3.652408e-01 0.000000e+00 4.666558e-02 2.920363e-04 30.737634420394897 13810.406209945679
450 3.244731e-01 2.778078e-01 0.000000e+00 4.666529e-02 2.920363e-04 30.54598355293274 13840.986842870712
451 3.455208e-01 2.988300e-01 0.000000e+00 4.669077e-02 2.920363e-04 30.9665470123291 13871.982807636261
452 4.007084e-01 3.540459e-01 0.000000e+00 4.666254e-02 2.920363e-04 30.67577886581421 13902.689539194107
453 4.306724e-01 3.839557e-01 0.000000e+00 4.671672e-02 2.920363e-04 30.452284574508667 13933.174051523209
454 3.539327e-01 3.074184e-01 0.000000e+00 4.651428e-02 2.920363e-04 30.514666318893433 13963.721237659454
455 3.312577e-01 2.847016e-01 0.000000e+00 4.655608e-02 2.920363e-04 30.61642622947693 13994.36820435524
456 3.012281e-01 2.546552e-01 0.000000e+00 4.657296e-02 2.920363e-04 30.5396511554718 14024.936988592148
457 2.942735e-01 2.476990e-01 0.000000e+00 4.657453e-02 2.920363e-04 30.356722354888916 14055.32351064682
458 3.850011e-01 3.384238e-01 0.000000e+00 4.657729e-02 2.920363e-04 30.510957717895508 14085.858997821808
459 3.336232e-01 2.870625e-01 0.000000e+00 4.656065e-02 2.920363e-04 31.347949266433716 14117.241156339645
460 3.102594e-01 2.637543e-01 0.000000e+00 4.650516e-02 2.920363e-04 30.47100281715393 14147.745494127274
461 3.705873e-01 3.241109e-01 0.000000e+00 4.647642e-02 2.920363e-04 30.372921228408813 14178.154621124268
462 3.137574e-01 2.673499e-01 0.000000e+00 4.640753e-02 2.920363e-04 31.01960515975952 14209.205053567886
463 4.049340e-01 3.584790e-01 0.000000e+00 4.645495e-02 2.920363e-04 30.813786506652832 14240.050963401794
464 4.484411e-01 4.018890e-01 0.000000e+00 4.655216e-02 2.920363e-04 30.408756732940674 14270.491428852081
465 3.014680e-01 2.550523e-01 0.000000e+00 4.641570e-02 2.920363e-04 30.59887146949768 14301.120865821838
466 3.846948e-01 3.381811e-01 0.000000e+00 4.651369e-02 2.920363e-04 30.854048013687134 14332.00530910492
467 3.553099e-01 3.089660e-01 0.000000e+00 4.634386e-02 2.920363e-04 30.478611946105957 14362.507420301437
468 3.438229e-01 2.974184e-01 0.000000e+00 4.640454e-02 2.920363e-04 30.469812393188477 14393.005645990372
469 3.144309e-01 2.680233e-01 0.000000e+00 4.640762e-02 2.774364e-04 30.463013172149658 14423.499325275421
470 3.000301e-01 2.537511e-01 0.000000e+00 4.627901e-02 2.774364e-04 30.986291885375977 14454.516065597534
471 3.569553e-01 3.106159e-01 0.000000e+00 4.633940e-02 2.774364e-04 30.785734176635742 14485.337265729904
472 4.176881e-01 3.712054e-01 0.000000e+00 4.648273e-02 2.774364e-04 30.658908128738403 14516.0259475708
473 3.247904e-01 2.784555e-01 0.000000e+00 4.633489e-02 2.774364e-04 30.74021077156067 14546.798431158066
474 3.512806e-01 3.049235e-01 0.000000e+00 4.635711e-02 2.774364e-04 32.100168228149414 14578.930279016495
475 3.951678e-01 3.488427e-01 0.000000e+00 4.632513e-02 2.774364e-04 33.33889436721802 14612.304760456085
476 3.850204e-01 3.387047e-01 0.000000e+00 4.631564e-02 2.774364e-04 31.972713947296143 14644.311128377914
477 3.757865e-01 3.295338e-01 0.000000e+00 4.625267e-02 2.774364e-04 31.462716341018677 14675.799247264862
478 3.066980e-01 2.604704e-01 0.000000e+00 4.622768e-02 2.774364e-04 30.56130886077881 14706.392897605896
479 3.544765e-01 3.081802e-01 0.000000e+00 4.629622e-02 2.774364e-04 30.704804182052612 14737.131044626236
480 3.091977e-01 2.630040e-01 0.000000e+00 4.619368e-02 2.774364e-04 30.558339834213257 14767.72359919548
481 3.395048e-01 2.933006e-01 0.000000e+00 4.620422e-02 2.774364e-04 30.55086588859558 14798.304638385773
482 2.690935e-01 2.228907e-01 0.000000e+00 4.620274e-02 2.774364e-04 30.521512269973755 14828.860033750534
483 2.955664e-01 2.493877e-01 0.000000e+00 4.617870e-02 2.774364e-04 30.682241916656494 14859.895622015
484 2.925209e-01 2.463304e-01 0.000000e+00 4.619048e-02 2.774364e-04 30.535057067871094 14890.46226978302
485 2.961555e-01 2.500210e-01 0.000000e+00 4.613449e-02 2.774364e-04 30.4342999458313 14920.929530620575
486 3.751097e-01 3.288935e-01 0.000000e+00 4.621614e-02 2.774364e-04 30.567208528518677 14951.52988576889
487 4.152053e-01 3.689770e-01 0.000000e+00 4.622824e-02 2.774364e-04 31.23551869392395 14982.801035165787
488 3.285514e-01 2.824562e-01 0.000000e+00 4.609513e-02 2.635663e-04 30.39687991142273 15013.228049993515
489 3.484124e-01 3.023092e-01 0.000000e+00 4.610315e-02 2.635663e-04 30.637028694152832 15043.896514415741
490 3.546203e-01 3.084718e-01 0.000000e+00 4.614849e-02 2.635663e-04 30.59063148498535 15074.518118143082
491 4.329049e-01 3.867473e-01 0.000000e+00 4.615757e-02 2.635663e-04 30.534319162368774 15105.08243727684
492 3.049126e-01 2.588985e-01 0.000000e+00 4.601409e-02 2.635663e-04 30.528605937957764 15135.644299983978
493 3.961585e-01 3.500361e-01 0.000000e+00 4.612243e-02 2.635663e-04 30.857818126678467 15166.5358543396
494 4.090120e-01 3.629884e-01 0.000000e+00 4.602357e-02 2.635663e-04 30.39382529258728 15196.962864398956
495 3.444493e-01 2.984667e-01 0.000000e+00 4.598255e-02 2.635663e-04 30.493022203445435 15227.47986125946
496 3.362271e-01 2.903093e-01 0.000000e+00 4.591781e-02 2.635663e-04 30.5460946559906 15258.05623459816
497 3.536265e-01 3.076171e-01 0.000000e+00 4.600939e-02 2.635663e-04 31.252955436706543 15289.339888334274
498 3.544049e-01 3.084608e-01 0.000000e+00 4.594413e-02 2.635663e-04 30.54710865020752 15319.91657781601
499 3.557228e-01 3.097773e-01 0.000000e+00 4.594557e-02 2.635663e-04 30.491817235946655 15350.440395832062
500 2.943849e-01 2.483321e-01 0.000000e+00 4.605279e-02 2.635663e-04 29.8905987739563 15380.360484361649
501 3.230108e-01 2.770690e-01 0.000000e+00 4.594187e-02 2.635663e-04 30.19269323348999 15410.583403110504
502 2.863149e-01 2.404056e-01 0.000000e+00 4.590926e-02 2.635663e-04 30.050079107284546 15440.662173986435
503 3.809316e-01 3.349967e-01 0.000000e+00 4.593497e-02 2.635663e-04 30.380828619003296 15471.074132680893
504 2.588047e-01 2.129659e-01 0.000000e+00 4.583874e-02 2.635663e-04 30.405211448669434 15501.51324391365
505 3.557493e-01 3.098974e-01 0.000000e+00 4.585190e-02 2.635663e-04 30.466347217559814 15532.02194070816
506 3.021142e-01 2.561617e-01 0.000000e+00 4.595251e-02 2.635663e-04 30.6775119304657 15562.729884147644
507 3.346595e-01 2.887434e-01 0.000000e+00 4.591609e-02 2.635663e-04 30.25488781929016 15593.017616033554
508 3.218256e-01 2.760057e-01 0.000000e+00 4.581996e-02 2.503897e-04 31.327109813690186 15624.38036441803
509 3.350926e-01 2.893024e-01 0.000000e+00 4.579021e-02 2.503897e-04 30.71221375465393 15655.122020721436
510 2.753245e-01 2.295245e-01 0.000000e+00 4.580001e-02 2.503897e-04 30.565948724746704 15685.720359802246
511 2.903089e-01 2.445172e-01 0.000000e+00 4.579174e-02 2.503897e-04 30.633289098739624 15716.385259389877
512 2.661845e-01 2.203925e-01 0.000000e+00 4.579192e-02 2.503897e-04 30.669325828552246 15747.086383581161
513 3.237912e-01 2.779211e-01 0.000000e+00 4.587015e-02 2.503897e-04 30.55548667907715 15777.671980381012
514 2.900340e-01 2.443517e-01 0.000000e+00 4.568238e-02 2.503897e-04 30.435884475708008 15808.141305685043
515 3.323633e-01 2.864309e-01 0.000000e+00 4.593242e-02 2.503897e-04 30.492504358291626 15838.66622543335
516 3.416636e-01 2.959445e-01 0.000000e+00 4.571908e-02 2.503897e-04 30.6590735912323 15869.355661153793
517 2.830811e-01 2.373708e-01 0.000000e+00 4.571032e-02 2.503897e-04 30.86974287033081 15900.257130622864
518 2.468334e-01 2.011076e-01 0.000000e+00 4.572576e-02 2.503897e-04 30.82054376602173 15931.111835241318
519 2.449640e-01 1.992902e-01 0.000000e+00 4.567386e-02 2.503897e-04 30.57540225982666 15961.731210708618
520 3.206160e-01 2.748157e-01 0.000000e+00 4.580024e-02 2.503897e-04 30.28661608695984 15992.061159133911
521 3.295183e-01 2.838149e-01 0.000000e+00 4.570346e-02 2.503897e-04 30.68467926979065 16022.777592420578
522 3.188115e-01 2.731786e-01 0.000000e+00 4.563292e-02 2.503897e-04 30.76503276824951 16053.574667453766
523 2.855017e-01 2.398195e-01 0.000000e+00 4.568223e-02 2.503897e-04 30.690901041030884 16084.296417236328
524 2.551722e-01 2.095772e-01 0.000000e+00 4.559499e-02 2.503897e-04 30.632198333740234 16114.963211774826
525 3.570332e-01 3.113774e-01 0.000000e+00 4.565581e-02 2.503897e-04 30.435622453689575 16145.466520309448
526 2.898620e-01 2.442152e-01 0.000000e+00 4.564688e-02 2.503897e-04 30.502269983291626 16176.001861572266
527 2.926757e-01 2.470906e-01 0.000000e+00 4.558512e-02 2.378718e-04 30.164861917495728 16206.199174165726
528 2.814009e-01 2.357933e-01 0.000000e+00 4.560758e-02 2.378718e-04 30.55417776107788 16236.783777713776
529 2.914281e-01 2.458690e-01 0.000000e+00 4.555901e-02 2.378718e-04 30.525038480758667 16267.339850902557
530 2.695069e-01 2.239593e-01 0.000000e+00 4.554765e-02 2.378718e-04 31.250773429870605 16298.622095823288
531 2.500641e-01 2.045018e-01 0.000000e+00 4.556231e-02 2.378718e-04 30.477465629577637 16329.130029439926
532 2.829312e-01 2.374181e-01 0.000000e+00 4.551309e-02 2.378718e-04 30.500568866729736 16359.663050174713
533 3.073440e-01 2.616409e-01 0.000000e+00 4.570303e-02 2.378718e-04 30.40241265296936 16390.099522590637
534 2.498485e-01 2.043724e-01 0.000000e+00 4.547611e-02 2.378718e-04 30.648143768310547 16420.7790954113
535 2.491459e-01 2.036155e-01 0.000000e+00 4.553036e-02 2.378718e-04 30.333447217941284 16451.142447948456
536 3.033775e-01 2.579033e-01 0.000000e+00 4.547415e-02 2.378718e-04 31.12632131576538 16482.304953336716
537 3.528726e-01 3.074270e-01 0.000000e+00 4.544557e-02 2.378718e-04 31.08919668197632 16513.42641019821
538 2.761088e-01 2.305945e-01 0.000000e+00 4.551425e-02 2.378718e-04 31.026546239852905 16544.476202726364
539 2.645868e-01 2.190325e-01 0.000000e+00 4.555437e-02 2.378718e-04 30.75203800201416 16575.261701345444
540 2.812211e-01 2.357961e-01 0.000000e+00 4.542502e-02 2.378718e-04 30.65502953529358 16605.949948310852
541 3.630935e-01 3.176451e-01 0.000000e+00 4.544836e-02 2.378718e-04 30.49559998512268 16636.476498365402
542 2.382444e-01 1.928140e-01 0.000000e+00 4.543045e-02 2.378718e-04 30.793171644210815 16667.303757190704
543 2.777232e-01 2.322168e-01 0.000000e+00 4.550641e-02 2.378718e-04 30.663788080215454 16698.009643793106
544 2.331971e-01 1.878350e-01 0.000000e+00 4.536211e-02 2.378718e-04 31.00370979309082 16729.04616379738
545 2.556889e-01 2.102569e-01 0.000000e+00 4.543194e-02 2.378718e-04 30.77981662750244 16759.868357658386
546 2.482536e-01 2.028798e-01 0.000000e+00 4.537380e-02 2.378718e-04 30.70310878753662 16790.607038497925
547 2.189764e-01 1.736871e-01 0.000000e+00 4.528927e-02 2.259798e-04 30.45301103591919 16821.089323282242
548 2.420427e-01 1.966014e-01 0.000000e+00 4.544123e-02 2.259798e-04 30.613097190856934 16851.744637727737
549 2.482940e-01 2.029308e-01 0.000000e+00 4.536314e-02 2.259798e-04 30.41670823097229 16882.191972494125
550 2.418189e-01 1.965144e-01 0.000000e+00 4.530455e-02 2.259798e-04 30.51975417137146 16912.745075941086
551 2.435792e-01 1.981732e-01 0.000000e+00 4.540604e-02 2.259798e-04 30.579259157180786 16943.35563993454
552 2.653288e-01 2.199520e-01 0.000000e+00 4.537676e-02 2.259798e-04 30.67454171180725 16974.06185054779
553 2.750300e-01 2.295956e-01 0.000000e+00 4.543444e-02 2.259798e-04 31.68274426460266 17005.778420209885
554 2.449254e-01 1.996434e-01 0.000000e+00 4.528204e-02 2.259798e-04 32.01840281486511 17037.82740187645
555 2.691011e-01 2.237767e-01 0.000000e+00 4.532438e-02 2.259798e-04 31.969706296920776 17069.82707095146
556 2.604139e-01 2.151646e-01 0.000000e+00 4.524930e-02 2.259798e-04 31.58978796005249 17101.451581954956
557 2.439839e-01 1.986747e-01 0.000000e+00 4.530919e-02 2.259798e-04 31.138065576553345 17132.62308692932
558 2.163108e-01 1.710841e-01 0.000000e+00 4.522665e-02 2.259798e-04 31.002564191818237 17163.655770778656
559 2.304067e-01 1.852235e-01 0.000000e+00 4.518320e-02 2.259798e-04 30.545903205871582 17194.245856285095
560 2.577002e-01 2.124521e-01 0.000000e+00 4.524808e-02 2.259798e-04 30.42207360267639 17224.69892501831
561 2.714422e-01 2.262413e-01 0.000000e+00 4.520090e-02 2.259798e-04 30.466630697250366 17255.19783949852
562 2.504468e-01 2.052089e-01 0.000000e+00 4.523791e-02 2.259798e-04 30.597551822662354 17285.826380729675
563 2.729408e-01 2.276211e-01 0.000000e+00 4.531967e-02 2.259798e-04 30.78292417526245 17316.632209539413
564 2.423380e-01 1.971088e-01 0.000000e+00 4.522926e-02 2.259798e-04 30.94511914253235 17347.61253261566
565 2.488777e-01 2.037503e-01 0.000000e+00 4.512734e-02 2.259798e-04 30.713061571121216 17378.357446670532
566 2.101817e-01 1.650738e-01 0.000000e+00 4.510790e-02 2.146822e-04 34.06867289543152 17412.456139087677
567 2.054317e-01 1.602488e-01 0.000000e+00 4.518289e-02 2.146822e-04 30.926316738128662 17443.4248418808
568 2.234769e-01 1.783455e-01 0.000000e+00 4.513138e-02 2.146822e-04 30.511123418807983 17474.000197649002
569 2.315729e-01 1.865077e-01 0.000000e+00 4.506515e-02 2.146822e-04 30.40616273880005 17504.440254688263
570 2.876198e-01 2.425920e-01 0.000000e+00 4.502789e-02 2.146822e-04 31.562665939331055 17536.026464939117
571 2.525303e-01 2.074018e-01 0.000000e+00 4.512854e-02 2.146822e-04 30.83960270881653 17566.902539730072
572 2.814097e-01 2.363378e-01 0.000000e+00 4.507187e-02 2.146822e-04 30.8381187915802 17597.772057771683
573 2.119530e-01 1.668674e-01 0.000000e+00 4.508555e-02 2.146822e-04 30.815023183822632 17628.620124816895
574 2.455027e-01 2.003580e-01 0.000000e+00 4.514465e-02 2.146822e-04 32.88359522819519 17661.53504371643
575 2.592074e-01 2.140345e-01 0.000000e+00 4.517282e-02 2.146822e-04 34.13372778892517 17695.69950056076
576 2.137270e-01 1.687565e-01 0.000000e+00 4.497049e-02 2.146822e-04 31.343262672424316 17727.07160425186
577 2.374990e-01 1.924793e-01 0.000000e+00 4.501970e-02 2.146822e-04 30.55677580833435 17757.6602807045
578 2.456264e-01 2.004947e-01 0.000000e+00 4.513177e-02 2.146822e-04 30.51815414428711 17788.203114748
579 2.217237e-01 1.766569e-01 0.000000e+00 4.506680e-02 2.146822e-04 30.622678756713867 17818.85942697525
580 2.263316e-01 1.813250e-01 0.000000e+00 4.500664e-02 2.146822e-04 30.714877605438232 17849.598680734634
581 2.281944e-01 1.831252e-01 0.000000e+00 4.506912e-02 2.146822e-04 30.80972933769226 17880.440802812576
582 2.131949e-01 1.682990e-01 0.000000e+00 4.489589e-02 2.146822e-04 30.481810331344604 17910.955935239792
583 2.199057e-01 1.748635e-01 0.000000e+00 4.504212e-02 2.146822e-04 30.85848593711853 17941.846172571182
584 2.377689e-01 1.928225e-01 0.000000e+00 4.494641e-02 2.146822e-04 30.690744876861572 17972.56822037697
585 2.066769e-01 1.617942e-01 0.000000e+00 4.488270e-02 2.146822e-04 30.872199058532715 18003.474789857864
586 2.196512e-01 1.746471e-01 0.000000e+00 4.500408e-02 2.039495e-04 31.158874034881592 18034.66691493988
587 2.633936e-01 2.184101e-01 0.000000e+00 4.498351e-02 2.039495e-04 30.767873287200928 18065.470909833908
588 2.364820e-01 1.914959e-01 0.000000e+00 4.498606e-02 2.039495e-04 30.671128511428833 18096.174873828888
589 2.270633e-01 1.821258e-01 0.000000e+00 4.493751e-02 2.039495e-04 30.55022668838501 18126.749569177628
590 2.330424e-01 1.881455e-01 0.000000e+00 4.489689e-02 2.039495e-04 30.419668436050415 18157.20052933693
591 1.924090e-01 1.475878e-01 0.000000e+00 4.482125e-02 2.039495e-04 30.48319149017334 18187.713434934616
592 2.147113e-01 1.698117e-01 0.000000e+00 4.489956e-02 2.039495e-04 30.509195566177368 18218.267557382584
593 2.553237e-01 2.103671e-01 0.000000e+00 4.495655e-02 2.039495e-04 30.556285619735718 18248.853741168976
594 2.292712e-01 1.844191e-01 0.000000e+00 4.485208e-02 2.039495e-04 30.68734121322632 18279.57336950302
595 2.254083e-01 1.805387e-01 0.000000e+00 4.486960e-02 2.039495e-04 30.27709674835205 18309.880126953125
596 2.135139e-01 1.687022e-01 0.000000e+00 4.481168e-02 2.039495e-04 30.430503129959106 18340.33939599991
597 2.108963e-01 1.660433e-01 0.000000e+00 4.485296e-02 2.039495e-04 30.486274480819702 18370.86013531685
598 2.348118e-01 1.900408e-01 0.000000e+00 4.477098e-02 2.039495e-04 30.467285871505737 18401.358070850372
599 2.348128e-01 1.900053e-01 0.000000e+00 4.480753e-02 2.039495e-04 30.512744665145874 18431.904065847397
600 2.292824e-01 1.844740e-01 0.000000e+00 4.480838e-02 2.039495e-04 31.006638050079346 18462.938953876495
601 2.186455e-01 1.738488e-01 0.000000e+00 4.479673e-02 2.039495e-04 30.641700267791748 18493.614511966705
602 1.874431e-01 1.426593e-01 0.000000e+00 4.478381e-02 2.039495e-04 30.556358337402344 18524.194621562958
603 2.414584e-01 1.967094e-01 0.000000e+00 4.474904e-02 2.039495e-04 30.360252380371094 18554.592242002487
604 2.287465e-01 1.839769e-01 0.000000e+00 4.476968e-02 2.039495e-04 30.297724723815918 18584.92363858223
605 2.315317e-01 1.867437e-01 0.000000e+00 4.478797e-02 1.937533e-04 30.470687866210938 18615.427095890045
606 1.904826e-01 1.457660e-01 0.000000e+00 4.471662e-02 1.937533e-04 30.50078821182251 18645.96124958992
607 2.225211e-01 1.777202e-01 0.000000e+00 4.480091e-02 1.937533e-04 30.5989887714386 18676.590049505234
608 1.929570e-01 1.482003e-01 0.000000e+00 4.475673e-02 1.937533e-04 30.571390390396118 18707.192317724228
609 2.546366e-01 2.099167e-01 0.000000e+00 4.471987e-02 1.937533e-04 30.312130212783813 18737.528647184372
610 2.089603e-01 1.641193e-01 0.000000e+00 4.484105e-02 1.937533e-04 30.610287189483643 18768.172173023224
611 1.960168e-01 1.512924e-01 0.000000e+00 4.472435e-02 1.937533e-04 30.693849563598633 18798.899055957794
612 2.050235e-01 1.602773e-01 0.000000e+00 4.474622e-02 1.937533e-04 30.48946523666382 18829.421674728394
613 2.077989e-01 1.631318e-01 0.000000e+00 4.466715e-02 1.937533e-04 30.713832139968872 18860.167222738266
614 1.918327e-01 1.472363e-01 0.000000e+00 4.459647e-02 1.937533e-04 30.555257558822632 18890.754811525345
615 1.901344e-01 1.454835e-01 0.000000e+00 4.465094e-02 1.937533e-04 30.603354692459106 18921.390343904495
616 1.948976e-01 1.503443e-01 0.000000e+00 4.455324e-02 1.937533e-04 30.593527793884277 18952.014446020126
617 2.305900e-01 1.858217e-01 0.000000e+00 4.476829e-02 1.937533e-04 30.516361474990845 18982.559808254242
618 2.128204e-01 1.682263e-01 0.000000e+00 4.459409e-02 1.937533e-04 30.337749004364014 19012.930691480637
619 1.981509e-01 1.535435e-01 0.000000e+00 4.460733e-02 1.937533e-04 30.323542833328247 19043.28723216057
620 1.967969e-01 1.521032e-01 0.000000e+00 4.469375e-02 1.937533e-04 30.340799570083618 19073.658210515976
621 2.085535e-01 1.639450e-01 0.000000e+00 4.460848e-02 1.937533e-04 30.396485328674316 19104.089682102203
622 2.071278e-01 1.625608e-01 0.000000e+00 4.456700e-02 1.937533e-04 30.522462844848633 19134.643648147583
623 2.273614e-01 1.827936e-01 0.000000e+00 4.456777e-02 1.937533e-04 31.212631702423096 19165.88898229599
624 2.095810e-01 1.650549e-01 0.000000e+00 4.452610e-02 1.937533e-04 31.685669898986816 19197.603937387466
625 2.208624e-01 1.763137e-01 0.000000e+00 4.454868e-02 1.840669e-04 30.455968856811523 19228.094691753387
626 2.055688e-01 1.609477e-01 0.000000e+00 4.462108e-02 1.840669e-04 30.682279348373413 19258.809364557266
627 2.114413e-01 1.668991e-01 0.000000e+00 4.454220e-02 1.840669e-04 30.329843044281006 19289.17054080963
628 2.134701e-01 1.689489e-01 0.000000e+00 4.452121e-02 1.840669e-04 30.427950620651245 19319.631224632263
629 1.886664e-01 1.441382e-01 0.000000e+00 4.452819e-02 1.840669e-04 30.544994831085205 19350.20751142502
630 2.050993e-01 1.606235e-01 0.000000e+00 4.447577e-02 1.840669e-04 30.616408348083496 19380.855102300644
631 2.269635e-01 1.824304e-01 0.000000e+00 4.453302e-02 1.840669e-04 30.724591732025146 19411.610876321793
632 1.806799e-01 1.361909e-01 0.000000e+00 4.448900e-02 1.840669e-04 31.296422243118286 19442.93846845627
633 1.964951e-01 1.519980e-01 0.000000e+00 4.449706e-02 1.840669e-04 31.49098515510559 19474.489151716232
634 2.027286e-01 1.582523e-01 0.000000e+00 4.447632e-02 1.840669e-04 31.829457998275757 19506.35065293312
635 2.157056e-01 1.712215e-01 0.000000e+00 4.448406e-02 1.840669e-04 31.001419067382812 19537.384195804596
636 2.268421e-01 1.823367e-01 0.000000e+00 4.450541e-02 1.840669e-04 30.383888006210327 19567.80047273636
637 1.904002e-01 1.459029e-01 0.000000e+00 4.449731e-02 1.840669e-04 30.5459246635437 19598.37948179245
638 2.100867e-01 1.656773e-01 0.000000e+00 4.440945e-02 1.840669e-04 30.41166377067566 19628.825919389725
639 1.698752e-01 1.254387e-01 0.000000e+00 4.443647e-02 1.840669e-04 30.366928815841675 19659.22429537773
640 1.961276e-01 1.517157e-01 0.000000e+00 4.441197e-02 1.840669e-04 30.610525608062744 19689.879774093628
641 1.889762e-01 1.445155e-01 0.000000e+00 4.446070e-02 1.840669e-04 30.387277841567993 19720.30025625229
642 2.164362e-01 1.719978e-01 0.000000e+00 4.443838e-02 1.840669e-04 30.571095943450928 19750.905344247818
643 2.106150e-01 1.661512e-01 0.000000e+00 4.446386e-02 1.840669e-04 30.794730186462402 19781.73062133789
644 2.043903e-01 1.600369e-01 0.000000e+00 4.435340e-02 1.748647e-04 30.842906951904297 19812.60539484024
645 1.946333e-01 1.501641e-01 0.000000e+00 4.446911e-02 1.748647e-04 30.439105987548828 19843.07319355011
646 1.783319e-01 1.339911e-01 0.000000e+00 4.434086e-02 1.748647e-04 30.7203266620636 19873.826073884964
647 2.043437e-01 1.600266e-01 0.000000e+00 4.431717e-02 1.748647e-04 30.596685886383057 19904.452956438065
648 1.884972e-01 1.441235e-01 0.000000e+00 4.437369e-02 1.748647e-04 30.6441912651062 19935.129381656647
649 1.666460e-01 1.223027e-01 0.000000e+00 4.434331e-02 1.748647e-04 30.50317621231079 19965.66373515129
650 1.881148e-01 1.437430e-01 0.000000e+00 4.437188e-02 1.748647e-04 30.96547842025757 19996.66724061966
651 2.018317e-01 1.575407e-01 0.000000e+00 4.429101e-02 1.748647e-04 30.6157009601593 20027.31534552574
652 1.942778e-01 1.499274e-01 0.000000e+00 4.435038e-02 1.748647e-04 30.43983268737793 20057.78669977188
653 1.909432e-01 1.466056e-01 0.000000e+00 4.433755e-02 1.748647e-04 30.727038383483887 20088.543325662613
654 1.838760e-01 1.395903e-01 0.000000e+00 4.428568e-02 1.748647e-04 30.89866042137146 20119.467666387558
655 2.292069e-01 1.848808e-01 0.000000e+00 4.432609e-02 1.748647e-04 31.780351877212524 20151.279753923416
656 1.824735e-01 1.382571e-01 0.000000e+00 4.421640e-02 1.748647e-04 30.318643808364868 20181.62849664688
657 1.750645e-01 1.307797e-01 0.000000e+00 4.428484e-02 1.748647e-04 30.92537260055542 20212.58722925186
658 1.810328e-01 1.367062e-01 0.000000e+00 4.432661e-02 1.748647e-04 30.39205241203308 20243.012666463852
659 1.886639e-01 1.443718e-01 0.000000e+00 4.429213e-02 1.748647e-04 30.742933750152588 20273.787915229797
660 1.836627e-01 1.394134e-01 0.000000e+00 4.424928e-02 1.748647e-04 30.474449634552002 20304.29098010063
661 2.068644e-01 1.625840e-01 0.000000e+00 4.428043e-02 1.748647e-04 30.343693017959595 20334.664209365845
662 1.657840e-01 1.215926e-01 0.000000e+00 4.419140e-02 1.748647e-04 30.734656810760498 20365.43097925186
663 1.643907e-01 1.201779e-01 0.000000e+00 4.421279e-02 1.748647e-04 30.78221321105957 20396.257970809937
664 2.065393e-01 1.622858e-01 0.000000e+00 4.425354e-02 1.661226e-04 30.556573629379272 20426.855736494064
665 1.884838e-01 1.442788e-01 0.000000e+00 4.420500e-02 1.661226e-04 30.261693477630615 20457.14849615097
666 1.720922e-01 1.278518e-01 0.000000e+00 4.424035e-02 1.661226e-04 30.041786193847656 20487.220618486404
667 1.996616e-01 1.553771e-01 0.000000e+00 4.428444e-02 1.661226e-04 30.448078632354736 20517.701097249985
668 1.765038e-01 1.323444e-01 0.000000e+00 4.415946e-02 1.661226e-04 30.60736632347107 20548.339026927948
669 1.658461e-01 1.216864e-01 0.000000e+00 4.415971e-02 1.661226e-04 30.8191978931427 20579.188233613968
670 1.740479e-01 1.298574e-01 0.000000e+00 4.419055e-02 1.661226e-04 30.821462154388428 20610.044988155365
671 1.789550e-01 1.348408e-01 0.000000e+00 4.411420e-02 1.661226e-04 31.32621455192566 20641.40431714058
672 2.084207e-01 1.643299e-01 0.000000e+00 4.409081e-02 1.661226e-04 30.10926365852356 20671.548450231552
673 1.871997e-01 1.430123e-01 0.000000e+00 4.418735e-02 1.661226e-04 31.471961736679077 20703.05211353302
674 1.856809e-01 1.414371e-01 0.000000e+00 4.424381e-02 1.661226e-04 30.460983514785767 20733.544135570526
675 1.847230e-01 1.405745e-01 0.000000e+00 4.414852e-02 1.661226e-04 30.69643497467041 20764.272395849228
676 1.702985e-01 1.261784e-01 0.000000e+00 4.412014e-02 1.661226e-04 30.433976650238037 20794.738654851913
677 1.969361e-01 1.528270e-01 0.000000e+00 4.410912e-02 1.661226e-04 30.687036275863647 20825.459299325943
678 1.673499e-01 1.232776e-01 0.000000e+00 4.407228e-02 1.661226e-04 30.892478227615356 20856.383656978607
679 2.057924e-01 1.617043e-01 0.000000e+00 4.408816e-02 1.661226e-04 30.750138521194458 20887.16286635399
680 1.763437e-01 1.322556e-01 0.000000e+00 4.408810e-02 1.661226e-04 30.20451331138611 20917.39098930359
681 1.690301e-01 1.249809e-01 0.000000e+00 4.404916e-02 1.661226e-04 30.455714464187622 20947.87677693367
682 1.877005e-01 1.436109e-01 0.000000e+00 4.408958e-02 1.661226e-04 30.12262773513794 20978.031066179276
683 1.955897e-01 1.515155e-01 0.000000e+00 4.407421e-02 1.578175e-04 30.436383485794067 21008.502365589142
684 1.493247e-01 1.052985e-01 0.000000e+00 4.402626e-02 1.578175e-04 30.389609336853027 21038.922300577164
685 1.862917e-01 1.422579e-01 0.000000e+00 4.403381e-02 1.578175e-04 30.779058933258057 21069.746829271317
686 1.943193e-01 1.503298e-01 0.000000e+00 4.398950e-02 1.578175e-04 30.382811069488525 21100.154730558395
687 1.733544e-01 1.292907e-01 0.000000e+00 4.406377e-02 1.578175e-04 30.488353490829468 21130.67461848259
688 1.765714e-01 1.324695e-01 0.000000e+00 4.410185e-02 1.578175e-04 30.481722593307495 21161.187483549118
689 1.662744e-01 1.223124e-01 0.000000e+00 4.396207e-02 1.578175e-04 30.493005990982056 21191.71352338791
690 1.711500e-01 1.271006e-01 0.000000e+00 4.404942e-02 1.578175e-04 30.44729495048523 21222.19335246086
691 1.635020e-01 1.194968e-01 0.000000e+00 4.400519e-02 1.578175e-04 30.775928020477295 21252.99410891533
692 1.690067e-01 1.250224e-01 0.000000e+00 4.398437e-02 1.578175e-04 30.638808488845825 21283.665712594986
693 1.872960e-01 1.433365e-01 0.000000e+00 4.395949e-02 1.578175e-04 31.014792919158936 21314.71101999283
694 1.652151e-01 1.212714e-01 0.000000e+00 4.394370e-02 1.578175e-04 30.801843881607056 21345.543563842773
695 1.636658e-01 1.197008e-01 0.000000e+00 4.396505e-02 1.578175e-04 30.690452575683594 21376.269255161285
696 2.052072e-01 1.612376e-01 0.000000e+00 4.396957e-02 1.578175e-04 30.38382863998413 21406.683674812317
697 1.615307e-01 1.176168e-01 0.000000e+00 4.391383e-02 1.578175e-04 30.343947172164917 21437.05208182335
698 1.885917e-01 1.446692e-01 0.000000e+00 4.392247e-02 1.578175e-04 30.60231900215149 21467.68648672104
699 1.922349e-01 1.482778e-01 0.000000e+00 4.395712e-02 1.578175e-04 30.45609998703003 21498.173246383667
700 1.826687e-01 1.386736e-01 0.000000e+00 4.399510e-02 1.578175e-04 30.703736066818237 21528.907783031464
701 1.586581e-01 1.147611e-01 0.000000e+00 4.389701e-02 1.578175e-04 30.644176483154297 21559.586532592773
702 1.620035e-01 1.180452e-01 0.000000e+00 4.395826e-02 1.499277e-04 31.69798970222473 21591.319041728973
703 1.869333e-01 1.430381e-01 0.000000e+00 4.389519e-02 1.499277e-04 30.28040838241577 21621.629492759705
704 1.599384e-01 1.160632e-01 0.000000e+00 4.387520e-02 1.499277e-04 30.78868055343628 21652.4471347332
705 1.811743e-01 1.373012e-01 0.000000e+00 4.387319e-02 1.499277e-04 30.42724919319153 21682.912021398544
706 1.520878e-01 1.082218e-01 0.000000e+00 4.386594e-02 1.499277e-04 30.743869066238403 21713.68630218506
707 1.702895e-01 1.264548e-01 0.000000e+00 4.383464e-02 1.499277e-04 30.400446891784668 21744.118678092957
708 1.795934e-01 1.356097e-01 0.000000e+00 4.398368e-02 1.499277e-04 30.36752223968506 21774.516725301743
709 1.495177e-01 1.057052e-01 0.000000e+00 4.381251e-02 1.499277e-04 30.2420597076416 21804.790600538254
710 1.721399e-01 1.282738e-01 0.000000e+00 4.386617e-02 1.499277e-04 30.68454599380493 21835.50672698021
711 1.787629e-01 1.349611e-01 0.000000e+00 4.380179e-02 1.499277e-04 30.874720096588135 21866.41446042061
712 1.887362e-01 1.449070e-01 0.000000e+00 4.382919e-02 1.499277e-04 31.44524073600769 21897.88966178894
713 1.879971e-01 1.441330e-01 0.000000e+00 4.386410e-02 1.499277e-04 31.170971632003784 21929.09373140335
714 1.413566e-01 9.752387e-02 0.000000e+00 4.383273e-02 1.499277e-04 31.373775720596313 21960.498512744904
715 1.512992e-01 1.074874e-01 0.000000e+00 4.381181e-02 1.499277e-04 31.153536796569824 21991.737424135208
716 1.794150e-01 1.356307e-01 0.000000e+00 4.378434e-02 1.499277e-04 30.647814512252808 22022.41594862938
717 1.723425e-01 1.285636e-01 0.000000e+00 4.377897e-02 1.499277e-04 30.362882375717163 22052.80110692978
718 1.770139e-01 1.331722e-01 0.000000e+00 4.384170e-02 1.499277e-04 30.408258199691772 22083.241597652435
719 1.749795e-01 1.312312e-01 0.000000e+00 4.374825e-02 1.499277e-04 30.26030135154724 22113.531623363495
720 1.766194e-01 1.328666e-01 0.000000e+00 4.375273e-02 1.499277e-04 30.667790174484253 22144.230587005615
